{
	"numFacilities":60,
	"costs": [
		[0,20,95,181,255,154,200,281,97,130,97,136,140,108,26,29,76,74,83,99,103,163,145,167,221,223,85,126,219,140,82,131,123,140,109,144,200,154,151,150,140,171,164,216,107,147,226,112,126,155,82,100,91,128,151,93,150,92,132,160,220,52,83,87,111,132,155,161,225,97,154,55,56,140,238,46,87,96,146,36,120,219,163,71,107,108,95,125,212,179,111,99,124,66,133,146,121,106,190,111,133,129,107,48,102,152,151,118,107,123,160,103,90,54,89,85,80,94,105,81,135,170,115,105,104,117,145,150,100,73,61,38,75,84,70,103,117,180,159,106,57,81,60,115,127,108,123,63,76,102,121,149,91,38,59,115,103,124,48,69,47,15,65,74,47,70,147,70,91,46,59,104,52,92,107,177,127,54,31,71,72,55,122,95,125,126,113,87,93,58,57,109,68,120,89,94,41,64,72,47,86,107,63,44,78,104,126,132,145,120,97,165,105,83,115,46,103,86,111,78,70,97,54,71,73,88,82,91,71,76,41,103,83,115,48,85,77,87,99,83,76,46,51,96,72,80,96,99,55,86,80,98,75,91,88,39,89,31,67,79,97,139,100,111,71,104,104,79,97,77,81,47,100,93,124,43,89,52,84,93,71,57,94,82,79,69,71,84,79,111,87,93,123,92,80,106,43,67,61,48],
		[20,0,75,161,235,134,180,261,117,150,117,155,120,87,6,9,56,37,46,62,66,126,125,147,201,157,96,137,94,145,102,94,86,103,72,107,163,174,156,170,160,182,183,179,87,127,206,132,146,175,62,80,71,91,114,104,154,72,112,140,200,32,69,73,97,118,141,124,188,60,117,35,36,120,112,26,67,76,161,16,100,199,183,51,87,94,111,141,199,190,74,119,122,86,113,132,101,86,170,74,131,109,127,68,120,165,132,98,93,109,140,83,70,34,69,105,60,114,85,61,115,150,105,85,84,97,125,136,75,83,81,18,55,70,50,83,97,144,122,86,37,80,80,101,113,43,106,83,61,87,106,135,65,58,79,101,66,104,28,49,67,35,85,93,27,50,92,90,71,26,61,106,53,93,123,193,107,34,11,51,52,75,135,97,105,106,93,96,75,38,37,93,48,100,99,95,21,44,52,67,105,126,77,24,58,84,99,126,130,100,77,145,85,63,104,26,83,67,100,58,83,106,34,51,38,68,62,71,73,43,34,82,63,97,58,65,57,85,85,63,56,26,31,76,52,68,84,115,35,66,60,78,55,71,68,19,69,11,47,59,80,139,95,113,51,84,84,94,78,74,44,27,80,46,92,23,77,32,88,73,91,37,74,62,59,89,91,64,59,79,107,83,113,72,73,86,23,46,70,68],
		[95,75,0,86,88,59,105,186,192,218,192,53,45,113,65,84,131,112,68,84,88,148,191,120,174,129,74,115,169,57,153,116,132,136,145,180,87,171,68,161,179,160,81,133,121,135,214,119,116,102,121,65,111,113,136,126,56,69,109,137,197,107,91,95,115,93,116,146,210,82,88,36,37,86,184,101,132,32,117,91,175,274,251,52,68,77,125,155,41,99,96,190,78,136,109,134,107,136,152,96,79,65,124,68,117,121,79,123,82,98,149,128,99,64,70,124,113,133,113,62,116,178,39,35,48,22,50,36,19,8,20,84,80,90,48,51,65,97,144,119,112,102,134,98,110,107,148,111,122,107,68,96,111,78,99,71,45,60,33,54,50,82,78,87,99,55,88,93,29,78,79,56,45,85,120,169,70,106,71,56,54,58,91,93,96,107,95,108,33,65,18,74,78,103,24,57,96,87,95,43,99,120,22,64,98,109,101,127,138,98,96,135,84,55,137,68,59,21,46,91,83,67,54,32,77,77,67,72,91,61,53,37,96,53,88,55,58,66,105,68,61,83,88,87,57,73,40,83,69,66,41,34,74,65,73,85,50,70,106,64,80,140,98,63,56,89,64,52,68,36,86,102,140,53,79,49,65,71,59,61,69,86,55,39,60,56,54,62,84,118,112,62,92,73,39,67,98,57,68,81],
		[181,161,86,0,74,101,41,122,155,154,127,90,111,179,151,170,62,142,101,117,101,161,110,132,186,188,160,201,255,94,190,67,83,100,177,212,173,132,105,198,175,245,110,162,158,198,95,55,41,90,114,88,8,103,126,77,20,7,47,75,135,172,44,48,72,93,50,80,60,77,134,122,123,103,201,153,57,114,78,41,91,107,166,61,97,69,117,147,64,122,53,129,65,123,124,107,130,99,183,91,74,119,96,154,55,102,118,29,90,106,77,76,37,79,43,97,84,55,22,51,59,117,115,41,45,71,99,122,105,94,106,43,56,45,95,128,135,134,93,112,64,98,151,76,88,36,97,64,77,103,96,50,58,134,134,79,78,114,82,103,24,56,106,82,52,79,52,57,93,92,120,119,29,59,112,171,118,88,88,105,91,32,78,111,60,80,30,99,70,34,53,109,87,38,48,58,58,81,89,67,86,107,96,33,67,85,131,85,103,12,43,111,104,88,101,32,56,76,70,83,63,73,100,67,101,92,11,48,89,25,58,43,88,76,68,104,67,80,60,37,51,63,68,74,88,100,59,76,39,22,58,74,59,64,63,44,85,42,78,54,58,89,80,55,78,56,74,89,34,49,76,76,155,39,43,51,66,50,61,74,58,74,90,63,81,44,46,103,73,72,90,63,81,70,64,84,28,63,106,119],
		[255,235,88,74,0,29,75,156,189,188,201,141,133,201,88,92,45,125,134,150,154,214,114,136,190,101,153,194,84,138,234,141,104,121,115,150,175,166,149,64,82,152,144,196,171,211,169,129,115,164,144,110,23,96,119,116,94,24,64,92,152,115,118,122,146,167,124,154,134,148,71,117,43,127,225,136,115,120,109,99,106,181,221,58,94,143,191,221,129,187,127,41,79,135,50,75,164,114,179,162,88,47,128,156,72,122,138,103,111,127,92,72,54,96,117,151,153,129,37,66,120,134,127,115,60,86,114,107,42,53,65,101,130,119,132,122,136,157,108,125,81,117,117,110,122,110,112,37,50,76,95,124,109,149,103,119,92,148,97,118,94,126,142,87,110,105,126,44,74,65,96,92,99,74,65,135,133,84,94,120,102,102,92,132,99,136,45,101,78,49,63,93,110,53,69,73,132,99,29,81,99,120,67,74,108,115,84,102,117,86,117,185,87,100,122,94,71,66,55,86,78,61,59,77,99,93,28,65,106,99,117,117,78,93,93,50,64,95,134,52,66,88,93,117,73,89,85,42,54,37,86,108,74,109,78,74,82,57,75,69,88,132,113,70,93,130,103,91,49,81,131,93,163,84,117,68,84,94,73,58,45,70,100,59,20,61,63,111,60,99,107,96,98,87,84,112,43,114,114,127],
		[154,134,59,101,29,0,46,127,94,127,154,112,104,172,117,121,74,121,127,143,147,207,143,165,219,130,133,174,113,97,193,91,75,92,86,121,146,135,108,30,48,118,115,125,180,194,129,149,142,136,173,124,52,125,148,101,115,53,93,121,181,144,145,149,155,152,103,133,161,82,100,95,72,145,243,132,144,51,136,98,135,97,156,87,123,136,184,214,100,158,154,70,108,164,44,69,158,123,207,96,80,18,99,127,101,140,121,82,82,98,121,101,83,123,129,102,123,111,66,95,96,158,98,94,89,81,109,95,71,67,79,100,109,120,107,110,124,137,90,147,110,103,146,139,130,130,94,66,79,60,79,135,75,95,74,90,64,79,92,113,77,109,137,53,92,114,147,73,88,94,125,115,82,103,94,164,129,51,117,115,73,85,121,120,89,126,74,104,92,78,77,77,105,82,83,102,152,121,58,102,65,86,79,103,137,138,113,131,127,75,106,174,116,87,93,98,100,80,26,110,107,55,88,62,112,102,57,94,135,117,98,96,44,112,105,79,93,95,135,81,70,92,97,145,102,118,99,71,83,46,100,53,93,124,77,54,80,86,104,73,117,149,79,99,115,132,88,75,58,93,128,97,175,112,138,83,110,97,73,87,74,41,85,88,49,86,88,120,89,128,136,92,122,110,96,126,72,116,127,140],
		[200,180,105,41,75,46,0,81,114,113,140,69,88,156,154,167,103,167,142,158,142,202,151,96,150,152,179,127,159,73,169,108,121,138,132,88,144,91,84,76,94,105,69,121,137,177,62,96,82,90,154,129,49,88,111,118,61,48,88,116,176,49,85,89,113,134,91,121,77,94,74,126,109,118,111,178,59,89,119,82,95,143,146,102,124,110,158,188,105,128,94,116,106,164,90,115,171,103,187,108,95,64,137,98,96,143,159,70,128,77,118,117,78,120,60,85,106,94,63,92,100,149,137,82,86,112,126,104,110,113,63,84,97,86,136,110,102,113,101,128,54,115,120,117,121,77,105,105,118,84,65,91,55,108,120,106,99,117,87,108,65,97,113,99,93,109,93,98,130,133,109,136,70,70,112,171,113,97,125,101,88,73,119,66,99,97,47,83,75,43,62,101,114,55,89,72,99,78,86,91,111,132,61,74,108,111,117,126,123,29,60,128,102,73,120,73,97,94,72,124,104,101,97,76,97,114,52,89,121,66,99,84,90,117,101,98,108,111,101,54,68,90,95,115,102,92,100,117,48,63,60,76,68,81,80,68,85,83,119,71,99,106,121,72,87,97,42,77,75,75,117,117,142,80,84,91,81,67,102,100,84,87,99,65,95,85,87,129,99,111,130,94,122,111,78,86,69,104,111,124],
		[281,261,186,122,156,127,81,0,33,32,59,82,68,136,217,248,184,119,128,77,81,141,232,177,31,33,85,126,219,86,82,109,125,142,154,169,94,10,52,145,53,49,85,137,103,142,76,128,142,11,89,99,130,106,129,119,142,129,141,160,220,130,86,89,99,120,39,69,93,98,155,154,123,46,144,130,32,17,102,112,176,182,65,103,45,43,33,63,97,144,154,61,75,127,132,113,163,50,134,112,63,50,81,140,109,106,70,26,118,81,162,36,48,90,136,110,73,119,117,122,56,118,115,78,96,116,104,108,62,41,53,70,33,48,114,121,105,126,70,113,123,78,72,117,71,53,74,93,75,57,76,52,75,170,53,126,30,45,55,22,31,63,81,58,38,23,100,85,62,66,65,110,36,34,45,92,93,48,93,20,40,39,70,101,134,101,92,76,66,96,51,74,89,74,57,78,75,63,71,76,70,91,45,69,95,62,64,85,81,110,118,106,124,32,51,56,98,54,58,69,73,77,74,65,57,73,75,76,53,62,86,80,74,71,20,64,41,73,63,66,48,70,71,67,21,37,53,68,46,77,33,15,44,97,60,71,83,119,67,51,49,109,69,66,24,57,49,72,81,59,83,68,147,56,73,71,61,76,68,72,86,68,88,35,74,62,64,91,80,98,89,50,80,81,46,59,77,72,102,115],
		[97,117,192,155,189,94,114,33,0,25,52,114,101,169,112,126,168,25,34,50,54,114,210,210,64,66,36,77,170,118,115,82,71,19,60,95,127,43,85,61,43,82,118,71,136,175,31,83,97,44,122,116,146,79,102,92,149,128,168,105,165,125,57,56,85,106,72,102,126,48,105,141,51,79,65,36,65,50,54,64,148,191,58,14,50,36,66,52,120,130,62,54,50,94,75,100,186,83,167,62,59,73,85,144,61,111,48,59,78,74,137,65,49,91,137,36,53,45,60,41,89,129,66,70,83,93,41,101,55,66,78,66,66,52,118,101,115,97,70,81,130,68,100,84,96,41,74,77,71,89,108,85,63,41,20,14,54,78,88,55,64,96,114,48,71,56,90,84,87,59,91,105,63,23,58,125,126,44,110,53,73,72,37,46,46,83,68,38,55,69,47,60,88,76,82,52,63,58,66,50,60,81,32,68,82,95,77,52,48,132,117,99,74,65,18,23,65,79,81,100,61,44,67,57,24,61,63,51,86,29,44,68,64,38,51,87,8,19,67,54,58,66,71,60,54,70,67,81,51,60,66,48,71,64,62,67,61,80,99,61,66,117,62,93,57,59,74,66,72,44,32,101,49,38,84,48,28,48,68,69,44,35,80,42,74,81,83,79,59,62,103,43,73,66,49,92,65,34,91,104],
		[130,150,218,154,188,127,113,32,25,0,27,89,100,168,91,151,193,50,59,75,76,133,229,209,63,65,61,102,195,93,114,104,96,44,85,86,126,42,84,39,21,81,117,96,135,174,10,35,49,43,121,68,153,101,124,84,141,153,173,130,190,116,82,32,87,108,71,101,125,73,130,118,57,34,90,61,64,49,76,86,170,61,33,39,75,11,59,31,118,155,61,29,67,119,53,78,102,62,146,87,76,51,60,119,83,133,73,58,65,49,146,68,74,116,152,61,78,70,39,66,88,150,69,73,62,88,66,76,30,41,53,88,47,62,122,89,103,122,49,106,121,90,102,60,72,66,53,61,74,64,83,84,84,66,45,39,62,77,65,54,63,95,113,26,57,55,115,68,62,34,69,80,42,2,54,117,124,60,85,52,72,57,62,71,71,69,47,63,66,51,51,81,86,55,56,75,88,83,91,75,38,59,11,75,107,76,73,77,73,110,112,74,85,44,43,46,73,54,59,88,80,64,42,35,49,66,68,44,81,54,69,75,53,60,52,81,33,44,77,54,68,90,89,35,53,69,43,77,54,52,65,47,74,70,80,63,53,59,95,71,42,102,37,70,56,83,53,79,64,25,57,83,74,63,105,70,53,56,46,50,69,36,58,67,50,59,61,75,76,87,101,18,48,57,28,91,50,59,102,115],
		[97,117,192,127,201,154,140,59,52,27,0,62,83,151,118,57,104,77,86,102,103,160,48,70,90,92,88,129,211,66,53,102,108,71,108,113,153,69,41,66,48,108,90,123,130,170,37,62,76,70,148,95,135,128,78,93,147,134,174,157,217,80,54,58,82,103,98,128,152,100,157,67,68,61,117,88,91,76,49,59,143,88,60,66,102,38,86,58,115,149,88,2,40,98,80,105,129,89,173,114,49,78,87,145,56,106,100,85,78,76,127,60,63,95,101,82,103,51,66,93,115,143,96,100,89,49,77,103,3,14,26,61,74,55,82,115,129,106,76,133,85,117,92,86,98,70,80,34,47,73,63,111,92,93,72,66,53,83,38,59,90,112,70,53,70,60,119,41,35,61,96,53,64,29,81,144,97,72,59,61,81,84,53,98,98,96,74,84,39,71,24,80,108,82,30,63,92,87,95,49,65,86,28,65,99,103,100,86,100,132,105,101,112,61,70,73,99,27,52,99,80,60,20,38,76,83,72,71,108,81,77,102,80,54,79,93,60,71,70,44,58,80,85,62,62,78,67,104,75,72,47,69,85,70,57,62,56,77,113,61,68,109,64,60,61,94,70,58,74,42,84,75,101,45,91,64,74,77,56,67,42,63,61,45,23,62,64,96,57,68,109,45,75,30,45,73,77,86,75,88],
		[136,155,53,90,141,112,69,82,114,89,62,0,21,89,118,119,71,61,70,86,90,150,110,132,113,115,127,168,53,4,100,118,110,83,96,131,140,92,15,108,110,64,28,80,68,108,9,61,75,49,113,41,98,78,101,49,90,97,101,114,174,118,93,67,62,83,106,129,146,84,141,89,56,123,135,72,75,36,111,57,141,82,122,71,77,40,51,81,94,87,87,64,54,112,122,55,144,71,155,98,26,69,71,121,109,123,112,106,117,24,96,98,110,117,123,75,89,73,61,74,128,135,81,85,84,75,73,51,57,60,10,59,56,46,11,44,58,44,48,75,123,104,110,95,86,54,52,96,92,93,44,93,76,131,131,124,30,64,18,39,13,45,44,53,46,40,103,85,61,107,127,19,8,17,63,130,46,80,56,41,30,21,67,86,119,98,69,73,48,73,51,103,72,77,76,50,64,87,68,95,65,83,8,65,95,85,48,139,114,74,43,111,77,41,84,71,95,41,77,76,71,74,44,65,62,88,52,59,100,67,75,87,62,68,65,31,32,63,61,53,46,68,73,64,42,58,74,65,53,74,74,38,65,99,58,60,83,81,117,49,66,105,66,26,41,69,50,67,63,22,65,65,125,57,67,25,12,50,22,39,62,65,88,52,77,35,37,25,77,90,98,47,77,92,25,100,66,70,31,44],
		[140,120,45,111,133,104,88,68,101,100,83,21,0,68,110,18,65,82,91,107,111,171,131,153,99,101,90,123,61,25,121,139,131,104,117,152,81,78,36,69,87,85,49,76,89,91,30,82,96,70,134,62,82,99,74,70,101,48,88,110,170,41,114,88,83,80,41,71,59,76,133,73,74,48,79,93,96,57,132,25,31,68,127,89,98,61,72,60,86,108,108,71,33,91,78,76,19,52,136,90,42,64,87,113,96,144,124,94,127,45,117,92,78,101,107,73,75,82,25,54,108,125,60,64,48,67,94,72,64,53,31,27,35,50,32,65,75,65,69,96,46,97,116,98,107,75,73,117,77,42,23,111,42,115,121,115,46,85,37,58,34,66,65,74,36,59,97,101,31,80,115,40,29,38,84,117,25,61,20,29,9,42,46,103,128,119,33,44,27,37,56,10,27,41,69,61,58,81,31,83,69,69,29,33,67,64,66,119,93,95,56,124,94,31,105,35,59,62,72,67,66,53,65,70,46,80,52,64,105,51,43,66,72,14,67,10,53,42,65,37,51,63,68,85,30,46,62,86,42,38,59,59,53,63,63,28,88,45,81,24,58,88,76,47,60,90,71,46,50,43,86,36,89,53,71,4,33,65,33,18,73,47,93,41,40,46,48,46,79,87,88,52,59,96,46,85,36,61,52,65],
		[108,87,113,179,201,172,156,136,169,168,151,89,68,0,81,33,80,124,133,149,147,207,149,171,167,169,76,117,129,93,189,175,173,172,159,116,149,73,104,82,100,153,117,144,157,159,98,88,102,74,137,121,146,167,26,41,98,84,124,152,152,56,44,48,72,93,109,139,61,78,135,110,111,116,147,113,111,114,199,40,99,136,102,61,97,34,82,112,154,170,114,139,101,159,96,107,87,63,147,74,110,94,119,60,114,115,131,104,103,113,61,65,77,90,136,141,143,150,93,88,134,157,106,71,89,115,141,139,114,121,99,42,79,45,100,117,131,64,116,96,61,81,134,76,88,71,45,64,77,87,28,109,93,145,134,111,84,142,52,73,67,99,133,105,44,71,120,71,89,92,71,108,66,106,77,65,54,77,35,32,52,75,114,107,138,92,101,112,93,62,81,78,95,82,59,65,93,92,99,78,22,43,53,48,82,95,96,144,158,109,107,159,109,20,103,50,100,91,81,75,70,97,95,95,88,105,86,98,83,93,58,73,80,76,82,76,67,85,60,63,10,32,37,85,33,49,59,100,34,65,56,78,36,65,22,43,97,83,53,7,56,29,8,41,73,99,95,91,74,49,98,15,94,74,85,27,87,38,30,72,72,43,118,68,81,43,45,102,60,126,77,41,71,91,64,82,95,63,57,70],
		[26,6,65,151,88,117,154,217,112,91,118,118,110,81,0,15,62,43,52,68,72,132,131,153,154,156,102,143,100,122,31,80,92,94,78,113,152,103,133,99,112,172,141,110,93,133,97,112,126,104,56,74,65,97,107,47,104,66,106,134,194,38,75,79,103,73,96,126,142,66,81,29,30,114,118,32,73,70,155,22,106,152,21,45,81,100,117,118,106,140,80,120,128,92,102,127,107,58,142,80,137,103,48,74,114,121,92,103,99,115,112,76,64,40,63,111,66,114,25,54,108,144,104,91,48,74,60,101,79,73,85,24,61,76,44,77,91,145,128,80,43,86,86,98,104,49,112,50,35,61,80,126,71,64,85,107,72,98,34,55,73,41,91,99,33,56,98,57,69,20,55,100,47,62,124,146,113,40,17,57,58,81,141,91,99,100,33,102,73,37,43,78,54,41,89,61,27,50,58,73,88,109,83,30,64,90,105,119,116,94,83,151,91,69,95,32,59,73,106,64,66,93,28,57,44,74,49,64,67,49,40,61,69,63,64,71,51,83,91,40,54,32,37,23,58,74,90,109,41,38,66,72,61,58,66,25,75,5,41,57,75,110,89,58,57,90,90,76,50,74,50,33,86,52,98,29,71,38,94,79,58,24,80,68,53,51,53,58,53,85,113,83,108,66,79,92,29,41,64,74],
		[29,9,84,170,92,121,167,248,126,151,57,119,18,33,15,0,47,46,55,71,75,135,105,127,117,119,105,141,79,43,46,95,30,47,81,116,92,76,22,85,103,103,67,94,96,109,48,60,74,77,71,80,80,97,59,62,119,58,98,126,99,23,77,81,69,88,59,89,77,69,96,44,45,66,89,35,76,75,17,7,41,86,36,60,96,67,90,78,45,103,83,59,51,95,96,94,37,70,154,83,33,82,63,77,24,74,76,107,37,53,94,28,40,43,78,91,69,100,40,69,123,120,78,82,63,30,58,80,60,71,49,9,46,61,50,83,85,83,87,95,28,89,89,109,87,52,48,65,50,60,41,89,60,67,81,45,37,64,19,40,52,44,51,51,18,41,101,72,49,35,70,58,47,56,102,80,43,40,2,42,27,60,34,77,110,115,48,62,45,29,46,20,45,56,81,76,30,53,49,76,55,76,47,15,49,75,84,54,111,109,74,139,76,49,48,17,67,55,90,49,74,41,43,60,47,77,53,79,82,52,25,76,54,24,49,28,51,50,76,54,43,35,40,38,43,59,48,91,26,53,69,77,46,62,25,10,78,20,56,34,71,62,41,65,42,75,74,29,65,61,53,18,71,55,81,14,51,41,51,36,73,39,83,53,58,64,62,64,68,88,106,70,77,73,64,95,32,55,70,77],
		[76,56,131,62,45,74,103,184,168,193,104,71,65,80,62,47,0,80,89,105,97,157,69,91,145,30,82,118,124,75,93,81,77,94,115,150,139,123,69,104,122,135,99,141,100,140,80,92,103,120,118,112,68,122,86,71,82,69,109,136,146,70,40,44,68,89,106,136,122,103,116,66,65,113,136,82,119,107,38,37,88,110,83,57,93,65,113,125,92,150,115,86,98,104,95,103,84,93,77,117,80,92,110,124,45,95,111,91,84,95,97,27,39,81,100,115,108,117,82,84,121,119,112,103,105,77,105,122,87,98,81,39,76,41,81,94,61,115,119,124,75,75,128,72,84,98,90,60,53,79,88,46,98,97,118,92,84,111,66,61,84,91,98,72,48,60,114,67,96,68,103,90,79,88,53,123,90,39,49,29,49,92,55,89,122,123,90,109,92,76,93,67,83,78,69,95,77,54,62,88,82,103,79,29,63,105,72,75,117,74,103,72,42,41,95,64,88,102,91,79,66,62,76,107,81,81,73,94,115,86,55,105,84,56,96,73,63,82,56,59,57,67,72,78,28,44,55,76,55,82,77,99,51,87,46,40,107,67,103,60,54,109,76,95,63,52,118,50,94,45,87,65,118,89,82,61,83,73,90,70,68,78,130,63,65,103,105,71,83,122,98,62,83,72,60,103,79,89,101,114],
		[74,37,112,142,125,121,167,119,25,50,77,61,82,124,43,46,80,0,9,25,29,89,125,147,89,91,13,54,114,65,74,57,49,44,35,70,126,68,68,86,68,99,89,78,124,155,56,85,99,69,99,78,49,54,77,67,124,50,83,111,145,69,32,36,60,41,64,32,96,23,80,27,26,84,90,11,52,75,63,53,87,111,64,39,59,57,91,77,91,107,37,79,75,108,100,92,83,89,81,37,79,98,91,105,70,120,62,83,56,61,118,74,74,55,61,13,28,22,48,53,66,128,43,47,65,70,66,88,38,49,61,55,70,29,42,75,68,105,85,106,74,43,75,64,72,41,89,52,46,72,87,94,63,66,45,39,29,103,65,65,59,72,97,73,57,64,90,59,55,61,66,80,45,48,35,101,89,19,48,67,73,67,62,71,71,98,56,15,32,60,22,37,65,64,65,77,58,81,60,35,85,106,57,43,77,99,54,77,73,92,94,124,49,79,43,48,76,62,55,75,54,69,69,36,1,36,38,63,78,6,39,29,79,63,76,74,33,44,44,47,33,55,60,66,68,84,47,58,65,35,45,67,85,89,45,56,54,48,84,36,46,106,68,81,67,73,69,51,47,37,7,64,74,24,70,43,49,47,83,62,21,12,59,58,49,71,73,54,36,39,80,64,94,43,52,71,44,9,62,75],
		[83,46,68,101,134,127,142,128,34,59,86,70,91,133,52,55,89,9,0,16,20,80,134,130,98,100,22,63,123,74,83,48,58,53,44,79,135,77,77,95,77,108,98,87,110,150,65,70,40,78,108,87,58,45,68,51,107,59,92,103,154,78,23,27,51,50,73,41,31,14,71,36,35,93,99,20,61,84,72,59,96,120,73,40,50,48,53,83,100,52,28,88,84,117,92,86,92,73,90,28,88,107,100,114,79,125,71,83,65,70,127,83,83,64,70,22,37,31,57,62,75,137,52,56,74,79,75,88,29,40,52,61,79,24,51,84,77,106,76,107,83,34,66,55,67,50,80,43,55,81,67,89,72,75,54,48,20,112,74,74,68,81,106,82,48,73,99,50,61,70,57,79,54,57,44,110,98,28,57,76,82,76,71,80,80,106,65,24,41,69,31,46,74,61,47,80,67,90,69,44,94,115,54,34,68,65,63,86,82,79,86,133,58,72,52,57,85,53,64,66,49,76,78,45,10,45,47,72,69,15,48,38,70,55,85,83,42,53,39,42,24,46,51,75,77,93,38,67,56,44,54,71,76,35,36,62,63,57,93,27,37,60,59,78,76,78,78,60,56,28,16,73,83,33,79,47,58,52,74,53,30,21,68,64,58,75,77,63,45,48,89,55,85,52,43,80,53,18,71,84],
		[99,62,84,117,150,143,158,77,50,75,102,86,107,149,68,71,105,25,16,0,4,64,150,146,108,110,38,79,137,83,94,32,48,65,60,95,151,87,93,111,93,124,114,103,126,166,81,86,56,88,124,103,74,29,52,42,56,69,108,87,147,75,39,43,58,66,89,57,38,21,78,52,51,109,15,36,48,94,88,71,112,136,89,56,34,64,69,99,116,68,44,14,52,110,99,20,108,64,106,35,61,60,76,130,95,116,87,79,55,71,139,99,95,80,86,38,53,47,73,78,91,153,68,67,85,95,91,19,13,24,36,73,81,40,67,34,48,47,60,117,62,18,71,71,83,66,64,59,71,97,74,105,71,89,70,63,27,85,36,57,84,84,122,91,45,58,88,66,45,86,64,63,70,73,60,126,107,44,73,36,56,89,65,76,96,118,81,34,49,81,34,62,73,77,40,73,83,88,85,59,103,124,38,50,84,72,79,102,68,86,93,149,67,48,66,68,96,37,62,73,65,67,32,48,26,53,55,64,76,31,64,54,77,66,97,80,58,68,55,22,8,30,35,83,37,53,54,83,53,60,49,65,60,42,20,55,63,73,103,11,53,67,75,70,59,92,65,68,72,44,32,89,99,42,66,31,63,36,66,69,46,37,71,54,35,72,74,71,61,64,105,69,99,68,40,75,69,34,83,96],
		[103,66,88,101,154,147,142,81,54,76,103,90,111,147,72,75,97,29,20,4,0,60,145,150,112,59,42,83,141,87,77,28,44,61,64,99,155,91,97,115,97,128,118,107,64,104,82,90,60,64,128,107,78,25,48,38,60,73,67,83,143,71,43,47,62,70,93,61,42,25,82,56,55,110,19,40,44,98,92,67,116,137,93,60,30,68,73,103,120,72,48,18,56,114,103,24,112,60,110,21,65,64,64,123,75,112,90,75,51,67,143,62,74,84,90,42,57,51,77,82,95,154,72,63,81,99,95,23,17,28,40,69,77,44,71,38,52,51,64,121,66,14,67,75,87,65,68,63,75,101,78,85,75,93,74,59,31,89,40,61,80,80,126,87,41,62,92,70,49,88,68,67,74,74,64,130,111,48,77,40,60,85,69,80,100,122,85,30,47,77,38,66,77,81,44,77,87,89,89,63,99,120,42,54,88,76,83,102,64,90,97,150,71,52,62,67,92,41,66,72,69,63,36,52,30,57,59,68,80,35,68,58,77,70,101,84,62,64,59,26,12,34,39,87,41,57,58,79,49,64,45,61,58,46,24,51,59,77,99,15,57,71,79,74,63,91,61,66,71,48,36,93,103,39,70,35,67,40,70,73,50,41,75,50,39,76,78,75,65,68,109,73,103,72,36,71,73,38,79,92],
		[163,126,148,161,214,207,202,141,114,133,160,150,171,207,132,135,157,89,80,64,60,0,96,118,172,119,102,143,201,147,137,88,104,121,124,159,215,151,157,172,154,188,178,167,124,164,142,150,120,124,188,167,138,85,108,93,120,133,127,143,203,125,103,107,122,130,153,121,102,85,142,116,115,167,79,100,104,158,152,127,176,194,108,120,90,128,133,163,166,132,108,78,116,174,163,84,111,71,155,81,125,124,124,183,135,167,150,135,111,127,203,122,134,144,150,102,117,111,117,142,155,214,132,123,140,159,147,83,77,88,100,129,88,103,131,98,112,111,124,181,126,74,127,135,147,125,128,123,130,156,138,145,135,153,134,119,91,149,100,121,140,140,186,147,96,122,152,130,109,109,128,127,134,134,124,190,171,108,137,100,120,145,129,140,160,182,125,90,107,129,98,126,137,133,104,137,147,149,149,123,159,180,102,114,148,117,143,162,124,150,157,207,131,112,122,121,151,101,126,127,128,123,96,112,90,117,119,128,140,95,128,118,132,130,161,144,122,124,118,86,72,94,99,110,101,117,118,139,104,124,105,121,118,106,84,111,119,135,159,75,117,131,139,134,123,151,121,126,126,108,96,153,163,99,130,95,127,100,130,133,110,101,135,110,99,136,138,135,125,128,169,133,163,132,96,131,128,98,139,152],
		[145,125,191,110,114,143,151,232,210,229,48,110,131,149,131,105,69,125,134,150,145,96,0,22,76,78,42,83,163,114,89,138,135,119,156,135,191,117,64,114,96,128,138,171,148,188,85,110,124,118,176,143,118,126,126,122,130,117,157,185,204,128,88,92,111,132,146,157,165,90,147,115,116,109,164,136,46,116,97,85,146,136,108,105,141,86,134,106,150,136,61,46,84,96,128,151,142,137,146,98,75,126,119,178,104,154,148,77,126,124,166,81,93,135,149,51,72,60,105,132,107,169,72,76,94,97,125,151,47,58,70,87,122,58,121,120,69,154,124,172,133,105,86,120,132,67,128,82,95,121,111,94,63,141,120,68,79,131,67,53,82,114,93,89,91,54,116,35,50,99,110,97,87,77,101,171,112,93,105,55,75,90,97,97,130,144,113,53,54,86,68,124,124,119,74,46,89,108,116,93,101,122,72,77,111,151,120,130,144,122,146,141,88,67,86,85,105,71,79,122,71,98,64,82,54,80,82,119,98,59,80,78,110,98,84,99,74,73,73,76,83,94,99,110,56,72,88,109,81,99,47,63,79,114,95,88,100,121,157,86,82,137,110,104,55,88,63,73,111,86,132,123,81,62,108,106,94,91,100,95,34,65,68,40,67,95,97,98,49,77,118,83,113,78,77,73,91,69,90,103],
		[167,147,120,132,136,165,96,177,210,209,70,132,153,171,153,127,91,147,130,146,150,118,22,0,54,56,64,105,185,53,111,160,157,132,174,157,207,84,42,86,104,150,160,193,126,166,107,132,146,85,154,165,140,148,148,144,106,119,159,187,226,145,110,114,89,110,133,163,161,90,110,137,138,104,97,150,68,105,119,107,81,34,93,127,118,84,132,128,161,114,83,68,106,118,100,105,164,130,125,76,53,98,97,71,125,175,141,99,148,146,145,59,71,113,83,29,50,38,83,95,129,151,42,46,64,90,118,137,69,80,92,109,117,74,140,98,91,93,143,178,150,83,64,114,126,57,120,77,90,116,132,75,41,107,128,90,57,130,45,66,104,109,71,80,107,67,106,57,72,94,82,119,109,99,79,149,124,71,83,68,74,112,119,118,138,120,91,31,48,80,78,130,112,97,96,68,79,86,94,114,92,35,94,92,126,146,68,152,160,114,124,163,110,80,64,69,75,93,101,103,49,76,86,92,41,58,60,97,76,46,56,48,82,120,94,98,96,66,89,80,73,84,89,95,69,85,101,102,85,96,69,70,92,130,85,92,110,103,139,76,84,115,106,114,68,81,85,67,108,108,146,142,103,40,86,96,116,81,100,104,56,52,90,62,89,73,75,76,71,55,96,91,115,59,90,95,81,56,84,97],
		[221,201,174,186,190,219,150,31,64,63,90,113,99,167,154,117,145,89,98,108,112,172,76,54,0,2,54,95,160,107,113,140,135,83,124,149,125,41,83,102,59,50,86,135,72,112,73,98,112,42,120,130,138,111,118,133,97,110,150,169,216,140,117,95,130,87,70,100,94,77,134,116,115,77,123,100,33,18,103,113,130,88,96,78,76,74,34,64,128,145,124,92,106,158,116,118,118,81,165,91,94,51,60,45,99,107,101,57,128,112,193,5,17,59,105,83,104,92,102,105,87,97,84,82,100,126,105,127,93,42,54,84,64,70,124,123,106,147,66,123,145,47,100,49,43,54,70,124,106,88,107,21,76,105,84,78,31,46,86,53,62,94,112,64,39,54,103,86,63,69,34,79,67,65,25,95,124,17,83,51,71,70,101,70,79,116,51,85,67,55,52,105,58,43,58,63,76,32,40,77,76,89,46,38,72,93,44,116,112,136,87,132,125,50,82,87,111,55,59,70,67,94,77,45,59,53,55,63,22,64,97,84,75,102,51,61,72,83,85,58,72,39,44,83,52,68,84,48,47,78,34,16,56,98,84,40,63,99,98,75,80,122,90,60,55,27,50,76,90,60,96,99,113,57,76,95,84,45,82,50,62,50,68,39,49,63,65,71,77,100,107,44,61,50,63,60,78,74,103,116],
		[223,157,129,188,101,130,152,33,66,65,92,115,101,169,156,119,30,91,100,110,59,119,78,56,2,0,52,93,154,105,115,87,103,85,123,151,127,43,85,104,61,30,66,118,70,110,75,100,114,44,122,132,98,64,87,62,99,99,98,126,176,100,70,74,98,89,72,102,96,79,136,96,95,76,78,99,35,20,14,24,108,86,98,80,78,66,35,65,80,125,107,77,108,134,118,66,114,83,84,52,96,53,62,47,21,71,87,59,110,114,73,3,15,57,103,85,106,94,104,107,89,95,82,84,92,99,107,82,73,44,56,26,63,68,111,97,91,110,68,108,105,45,98,51,45,56,66,90,83,90,109,23,78,107,86,80,33,48,88,55,64,96,114,48,35,56,105,77,65,71,36,81,69,67,23,93,120,15,71,53,73,72,31,72,81,118,53,69,69,57,54,97,60,45,60,65,42,30,38,79,60,81,48,32,66,92,42,51,113,104,89,102,72,48,84,86,64,57,61,66,69,38,79,47,57,51,53,65,24,62,42,86,48,32,53,59,74,85,83,60,59,37,42,82,54,70,85,46,43,74,36,18,58,63,22,27,65,97,100,62,82,124,74,62,57,29,52,26,86,62,95,95,115,59,56,42,86,43,68,52,60,48,70,41,47,65,67,69,75,98,105,46,59,48,65,62,44,72,105,118],
		[85,96,74,160,153,133,179,85,36,61,88,127,90,76,102,105,82,13,22,38,42,102,42,64,54,52,0,41,127,78,87,70,62,55,48,83,51,79,81,97,79,82,102,46,106,99,67,92,62,80,112,91,62,67,90,73,94,63,96,80,140,82,17,21,45,54,77,45,53,36,93,40,39,52,53,24,65,72,66,66,100,38,77,34,70,42,75,88,104,74,35,52,86,121,111,58,96,95,94,50,92,98,104,99,73,123,75,77,69,38,121,55,67,68,74,24,41,33,61,61,79,95,30,34,52,73,77,57,51,62,74,68,31,16,55,72,76,85,98,101,87,56,88,49,61,52,102,37,50,76,89,75,74,77,56,50,42,100,74,78,72,85,110,84,49,76,101,9,45,65,79,93,58,59,46,114,102,32,61,69,86,80,73,82,82,100,69,26,43,73,35,48,76,55,69,20,71,82,73,46,82,39,54,28,62,60,65,88,84,101,80,132,62,65,54,59,63,55,68,80,41,66,70,49,12,49,51,71,76,17,44,36,64,49,58,87,40,55,31,34,46,68,73,79,70,86,32,69,57,48,55,70,77,57,58,69,67,61,97,49,31,82,53,72,64,72,82,62,60,22,20,77,85,35,81,54,50,60,68,47,8,23,72,55,54,81,83,67,23,50,91,49,79,54,37,81,55,22,75,88],
		[126,137,115,201,194,174,127,126,77,102,129,168,123,117,143,141,118,54,63,79,83,143,83,105,95,93,41,0,93,119,128,111,103,96,89,124,92,120,122,138,115,45,81,87,147,140,108,133,103,79,101,119,103,108,131,114,135,104,137,121,181,90,58,62,86,95,69,86,94,77,134,81,80,93,94,37,78,113,107,107,141,79,118,75,76,83,116,129,127,115,76,93,105,102,152,99,137,136,75,91,114,139,145,140,114,164,116,109,110,79,162,96,108,109,115,65,71,74,102,102,120,136,71,75,93,114,118,98,92,36,48,109,72,57,96,113,117,126,139,125,95,97,129,90,67,93,143,78,72,98,100,89,115,118,97,91,83,141,115,25,95,126,33,42,81,26,103,50,57,87,120,134,99,100,52,122,119,45,102,27,47,103,112,107,123,141,88,67,61,45,26,82,110,96,52,61,112,119,86,71,54,75,50,69,102,101,71,129,125,126,121,173,103,39,95,100,104,49,74,112,82,107,82,40,53,79,81,112,117,58,85,77,105,90,99,71,81,80,72,75,55,77,74,120,28,44,60,75,50,81,49,71,51,93,67,70,58,102,138,58,56,116,68,62,23,60,92,80,93,63,61,118,126,76,71,78,91,79,62,79,49,64,63,38,77,75,77,97,64,91,96,60,90,95,49,75,96,63,97,110],
		[219,94,169,255,84,113,159,219,170,195,211,53,61,129,100,79,124,114,123,137,141,201,163,185,160,154,127,93,0,54,125,169,109,126,149,184,142,139,65,130,148,117,81,133,121,152,62,114,128,102,150,94,107,96,104,102,143,108,148,167,178,79,144,109,112,133,64,94,105,122,155,123,109,109,140,114,115,89,96,86,92,39,98,124,130,89,104,121,122,140,140,66,28,86,134,108,80,113,168,136,37,122,82,141,103,153,126,137,116,77,115,107,119,122,157,44,65,53,86,115,167,186,47,51,69,95,123,104,67,78,63,88,70,85,64,97,111,94,101,128,84,132,138,81,93,72,105,92,105,103,84,112,94,146,159,124,41,117,68,89,66,98,94,103,97,90,121,96,89,99,96,72,61,70,24,94,86,119,81,90,70,74,41,121,108,145,94,46,63,85,88,71,88,87,94,103,73,96,71,113,115,40,61,94,128,55,5,97,88,127,96,164,130,92,79,84,80,91,49,87,110,48,84,102,56,52,54,91,108,61,61,53,87,42,118,71,85,103,100,32,46,68,73,100,91,107,85,42,90,69,94,91,104,109,58,89,120,98,134,49,89,105,114,79,74,104,103,82,81,75,118,97,150,55,101,52,65,74,54,79,97,67,111,99,80,67,41,70,112,70,111,96,120,74,78,76,75,71,84,97],
		[140,145,57,94,138,97,73,86,118,93,66,4,25,93,122,43,75,65,74,83,87,147,114,53,107,105,78,119,54,0,89,115,73,79,100,107,106,53,11,91,109,68,32,84,72,112,13,65,79,53,114,45,102,82,78,53,94,73,105,118,142,66,95,71,58,79,66,96,84,88,139,87,60,73,72,76,79,40,60,50,56,86,79,75,81,44,55,85,88,91,91,68,58,116,103,59,44,75,146,102,22,73,67,120,67,117,108,110,80,28,92,71,83,86,121,78,93,77,50,78,131,139,85,89,73,73,77,55,61,64,14,52,60,50,15,48,62,40,52,79,71,101,114,99,90,58,56,100,93,67,48,97,67,110,110,88,26,68,14,35,17,49,40,49,50,36,107,81,56,78,112,23,12,21,67,123,50,83,45,37,34,25,71,90,123,102,58,69,52,62,47,35,52,66,80,54,68,72,56,99,61,82,12,58,92,89,52,97,118,78,47,115,81,45,80,60,84,45,81,72,75,78,48,61,66,92,48,63,100,71,68,91,66,39,63,35,36,67,65,49,42,64,69,68,38,54,70,69,57,63,70,42,61,88,54,53,79,63,99,45,66,105,70,30,37,70,54,71,67,26,69,61,114,61,71,29,16,54,26,43,66,69,84,48,65,39,41,29,81,94,102,51,81,96,29,96,61,74,35,48],
		[82,102,153,190,234,193,169,82,115,114,53,100,121,189,31,46,93,74,83,94,77,137,89,111,113,115,87,128,125,89,0,49,65,82,109,144,138,72,68,68,86,131,113,133,124,155,90,106,120,73,87,105,96,102,105,59,116,97,137,104,145,69,39,43,67,88,105,106,114,97,112,60,61,112,96,63,55,99,63,53,87,125,12,56,92,64,112,111,86,135,111,55,93,85,82,101,83,49,133,98,79,80,39,98,70,120,83,78,63,79,81,74,86,71,94,67,88,76,56,83,108,166,117,121,79,76,51,100,56,67,79,55,66,40,75,108,78,128,129,111,74,89,29,71,83,76,92,19,26,52,71,105,98,95,90,71,83,110,65,62,83,69,97,91,62,63,125,26,59,11,46,91,78,82,102,126,89,71,48,64,73,91,80,82,115,122,64,69,63,68,74,66,85,56,83,76,58,81,89,102,79,100,81,50,84,95,121,100,85,125,102,154,97,76,83,25,82,55,88,93,65,87,19,88,75,96,53,90,58,80,71,92,82,54,75,74,62,76,55,55,69,63,68,14,64,80,54,97,54,69,56,67,74,49,71,56,96,36,72,72,53,103,75,73,64,94,72,67,81,44,81,64,117,54,100,60,82,69,33,69,27,15,77,49,36,20,22,79,42,81,115,71,101,83,59,82,60,72,95,105],
		[131,94,116,67,141,91,108,109,82,104,102,118,139,175,80,95,81,57,48,32,28,88,138,160,140,87,70,111,169,115,49,0,16,33,92,127,121,119,117,117,125,117,146,89,92,132,110,118,88,92,136,135,75,53,25,10,67,74,83,55,115,99,71,75,90,98,94,89,70,53,110,84,83,122,47,68,72,73,101,39,123,52,61,62,58,96,101,131,131,100,76,46,10,68,131,52,132,32,116,49,19,92,64,123,91,84,62,96,23,39,97,69,63,105,110,57,78,66,73,89,123,143,60,64,82,108,100,51,45,56,68,41,49,61,99,66,80,63,92,129,94,42,78,75,87,85,96,67,53,79,98,109,103,121,67,31,23,101,41,62,91,108,144,115,13,40,99,74,46,60,95,95,96,102,92,158,108,76,79,64,84,57,23,63,96,133,13,58,50,17,36,92,105,21,72,41,107,75,83,91,106,53,55,47,81,78,86,113,36,79,110,153,86,64,34,39,93,41,94,44,86,30,64,50,58,85,75,96,107,63,57,66,49,24,118,89,37,36,9,6,20,42,47,63,65,69,85,107,21,52,57,75,35,74,32,42,68,52,88,23,72,87,96,38,60,73,89,69,43,54,64,76,131,67,90,34,51,48,36,78,53,53,73,56,67,49,51,103,68,83,121,68,98,87,64,68,84,66,56,69],
		[123,86,132,83,104,75,121,125,71,96,108,110,131,173,92,30,77,49,58,48,44,104,135,157,135,103,62,103,109,73,65,16,0,17,84,119,113,106,52,105,114,133,97,102,108,139,78,90,98,107,101,110,91,69,41,26,83,88,99,71,129,53,66,70,94,90,78,81,86,69,126,74,75,96,63,60,88,89,33,23,71,68,66,78,74,91,111,108,75,110,86,62,26,84,119,68,67,48,130,65,35,93,80,107,40,90,46,90,7,23,113,44,47,73,108,62,77,71,70,99,115,127,76,80,91,60,88,50,56,38,50,25,62,45,80,65,79,79,108,125,58,58,94,91,103,82,78,51,64,90,71,105,90,72,51,15,39,94,49,70,82,74,81,67,29,56,115,58,59,65,100,88,77,86,84,110,73,56,32,72,57,41,39,47,80,117,29,64,63,33,48,50,75,37,54,53,60,59,67,73,79,69,39,31,65,91,102,70,52,95,104,149,70,72,18,23,45,25,76,60,70,46,73,62,50,85,83,95,112,55,41,78,65,40,79,58,21,20,25,22,36,58,63,68,73,85,78,107,37,68,71,91,51,79,41,26,59,50,86,39,80,92,71,54,72,57,81,45,59,53,56,48,101,73,97,44,35,49,52,66,59,61,85,43,68,60,62,94,74,88,129,52,82,80,56,76,62,58,72,85],
		[140,103,136,100,121,92,138,142,19,44,71,83,104,172,94,47,94,44,53,65,61,121,119,132,83,85,55,96,126,79,82,33,17,0,79,114,106,62,69,80,62,101,111,90,125,154,50,79,93,63,118,112,93,86,58,43,100,60,100,88,146,70,72,75,100,84,61,76,84,54,111,71,70,78,80,55,84,61,50,40,88,85,77,33,69,42,85,71,92,105,81,73,43,101,94,85,84,65,125,68,52,92,73,124,57,45,29,73,24,40,130,42,30,72,105,36,57,45,79,60,103,110,85,89,102,77,58,67,73,55,67,42,67,62,86,82,71,96,89,100,75,75,111,103,115,60,93,68,81,95,88,103,82,60,39,32,48,89,66,74,78,91,98,67,46,73,109,64,68,78,97,102,74,42,77,127,90,54,49,72,74,58,56,64,38,75,46,38,55,50,65,67,86,54,71,70,77,69,77,69,79,86,51,48,82,96,96,71,67,112,115,118,87,56,1,6,62,42,93,77,80,63,86,76,43,65,64,70,57,48,58,73,82,57,70,75,27,37,42,39,53,75,80,79,73,84,86,100,54,79,85,63,68,83,58,43,42,67,80,56,85,109,68,71,76,40,93,62,76,63,51,65,68,47,93,61,47,66,69,83,63,54,99,60,85,77,79,83,78,62,48,35,65,63,68,93,79,53,89,102],
		[109,72,145,177,115,86,132,154,60,85,108,96,117,159,78,81,115,35,44,60,64,124,156,174,124,123,48,89,149,100,109,92,84,79,0,35,91,103,73,88,103,130,124,94,46,86,91,63,77,104,134,96,84,85,108,95,82,85,106,128,180,104,65,69,93,76,99,67,75,58,115,62,61,92,75,46,87,110,98,88,122,86,83,74,94,87,97,112,126,96,72,74,102,143,102,80,118,117,116,72,84,100,110,140,105,124,97,118,91,86,153,103,109,90,96,48,63,57,83,88,101,136,78,82,100,81,101,79,73,84,96,90,79,64,77,94,103,102,65,122,109,78,110,97,107,36,15,85,81,78,95,110,58,101,80,74,64,109,70,91,94,107,102,63,85,92,85,57,90,84,101,115,80,83,70,136,124,54,83,93,91,85,97,14,47,84,65,50,67,37,56,72,100,73,84,20,58,26,34,70,51,72,92,76,109,108,89,112,108,50,81,149,84,65,75,70,101,97,90,91,89,104,92,70,36,71,73,98,104,41,74,64,96,63,106,55,68,79,79,72,68,18,23,85,94,93,80,93,42,70,79,99,62,79,80,62,88,83,86,71,79,104,65,90,81,91,81,86,82,70,42,45,89,39,85,73,50,12,59,63,32,29,93,93,43,72,74,89,47,74,115,50,80,78,85,105,60,44,97,110],
		[144,107,180,212,150,121,88,169,95,86,113,131,152,116,113,116,150,70,79,95,99,159,135,157,149,151,83,124,184,107,144,127,119,114,35,0,56,128,98,123,107,165,139,129,81,104,80,28,42,91,169,61,119,120,105,120,117,120,103,122,182,137,100,96,128,111,130,102,110,93,78,97,96,57,99,81,63,133,133,123,157,121,118,109,125,52,100,117,161,131,54,109,137,178,99,115,131,142,151,107,109,135,145,175,111,159,132,94,126,121,177,132,144,125,131,83,98,92,118,123,124,171,77,81,99,116,136,114,101,112,121,125,70,85,112,129,138,67,100,157,142,113,124,124,136,71,50,120,112,105,124,127,93,128,115,109,99,87,101,122,99,131,127,98,50,77,110,92,92,119,131,130,84,88,95,140,154,89,86,124,126,50,117,49,82,110,74,85,96,72,91,107,127,82,49,55,93,61,69,68,86,107,81,89,123,99,114,141,143,85,105,160,78,100,110,101,110,125,71,81,110,110,127,105,71,89,91,72,83,76,91,83,86,98,133,63,103,114,100,81,95,53,58,120,125,119,107,118,58,89,64,80,78,83,91,95,87,118,121,98,106,134,78,99,97,112,46,81,92,80,77,80,54,65,111,108,85,47,79,55,67,64,91,69,78,92,94,107,82,109,150,59,89,113,95,90,95,79,132,145],
		[200,163,87,173,175,146,144,94,127,126,153,140,81,149,152,92,139,126,135,151,155,215,191,207,125,127,51,92,142,106,138,121,113,106,91,56,0,84,114,148,130,133,130,37,88,48,111,84,58,85,163,117,113,118,141,124,84,87,47,66,126,115,68,72,96,105,122,96,104,87,134,91,85,1,99,75,116,111,109,99,112,29,88,85,60,24,72,102,128,125,70,103,114,172,147,109,100,125,145,101,123,31,112,150,55,105,121,120,120,89,172,76,88,119,112,34,55,43,71,100,130,86,21,25,43,69,83,108,101,95,107,101,14,29,95,103,117,123,149,152,120,100,69,93,105,62,106,82,56,73,80,86,64,128,88,101,93,105,80,78,115,114,125,82,62,79,54,59,95,71,106,121,56,96,67,84,106,83,90,80,86,106,81,105,114,82,47,36,53,51,70,90,99,55,65,71,84,103,111,84,94,30,71,79,113,43,63,71,135,141,128,176,96,88,69,74,54,74,39,93,54,48,79,84,19,33,35,72,113,24,35,27,77,80,94,45,91,71,44,47,61,19,24,9,59,75,83,90,56,59,38,60,76,44,73,39,56,79,115,64,58,118,50,72,80,92,102,72,71,69,71,110,110,45,91,84,93,25,68,53,59,8,92,91,99,68,70,51,74,60,101,31,61,64,42,64,62,34,89,102],
		[154,174,171,132,166,135,91,10,43,42,69,92,78,73,103,76,123,68,77,87,91,151,117,84,41,43,79,120,139,53,72,119,106,62,103,128,84,0,42,81,63,59,22,74,113,132,52,77,50,1,67,85,117,107,67,82,138,118,131,108,168,99,96,74,89,109,49,79,103,91,148,95,94,56,102,79,42,27,57,67,109,103,75,57,35,53,43,73,107,81,62,71,85,137,95,107,97,60,127,95,53,60,91,86,64,107,80,36,86,81,116,46,58,100,129,79,83,88,81,84,66,128,90,68,86,106,84,106,72,51,63,69,43,58,68,101,115,93,80,91,104,88,62,90,81,63,84,91,85,67,86,62,85,20,41,57,40,55,45,32,41,73,71,68,48,33,110,59,72,76,75,63,46,44,55,82,103,58,57,30,50,49,74,89,89,111,82,81,76,86,61,84,99,73,57,88,85,73,81,29,80,101,53,75,105,72,74,94,91,120,100,97,115,42,61,66,97,64,68,79,83,81,84,75,63,83,79,86,63,58,23,70,84,75,10,70,51,62,73,76,58,80,81,77,31,42,58,78,56,87,43,25,49,105,65,70,93,93,57,61,59,102,79,56,34,67,59,69,91,67,75,58,92,66,83,81,63,86,66,78,60,74,98,45,84,71,73,82,75,104,99,60,90,91,41,69,87,77,88,101],
		[151,156,68,105,149,108,84,52,85,84,41,15,36,104,133,22,69,68,77,93,97,157,64,42,83,85,81,122,65,11,68,117,52,69,73,98,114,42,0,93,89,79,43,95,83,123,24,76,90,43,93,56,102,93,43,58,105,80,116,123,121,45,75,79,47,68,77,100,95,91,84,66,67,84,83,57,69,51,39,29,63,76,58,82,77,55,66,96,67,102,102,43,20,78,105,70,55,80,146,94,11,84,56,99,46,96,98,78,59,39,103,50,62,65,100,71,91,80,61,89,108,142,84,88,84,14,42,66,44,55,25,31,68,61,26,59,73,51,63,90,50,101,97,95,99,69,67,75,72,78,28,104,78,62,83,67,15,48,3,24,28,60,29,38,40,25,102,70,46,57,92,34,23,32,78,102,61,62,24,26,45,36,33,87,107,113,69,73,50,51,36,42,63,73,71,65,52,75,67,71,50,71,23,37,71,97,63,76,80,89,58,126,92,36,70,39,89,56,92,61,86,40,59,50,69,99,37,74,104,74,47,90,66,34,52,46,47,72,76,24,31,53,58,60,27,43,32,75,48,74,59,53,50,84,43,32,68,42,78,34,55,84,63,41,26,59,52,51,78,37,75,40,93,45,79,36,27,59,37,54,71,61,73,37,64,50,46,40,84,97,93,57,87,71,40,85,54,77,46,59],
		[150,170,161,198,64,30,76,145,61,39,66,108,69,82,99,85,104,86,95,111,115,172,114,86,102,104,97,138,130,91,68,117,105,80,88,123,148,81,93,0,18,88,103,132,110,150,49,74,88,82,148,107,82,140,108,123,99,83,92,120,180,108,107,71,33,54,77,107,126,109,35,87,88,73,101,29,70,45,91,92,85,62,72,75,101,50,98,70,130,147,100,68,102,99,14,39,88,101,167,123,104,12,93,88,84,125,109,96,104,88,143,33,45,87,121,67,63,76,78,99,66,125,70,74,92,107,102,71,46,57,69,94,83,98,101,86,100,131,88,142,113,129,81,99,85,67,79,87,64,54,73,94,45,68,81,75,58,73,96,93,101,126,122,23,62,89,116,94,68,73,99,57,68,41,93,66,57,21,87,91,67,96,93,78,59,96,86,69,65,90,40,71,76,94,73,84,89,60,68,77,35,56,50,88,122,112,96,113,109,105,68,113,119,78,79,67,103,70,20,19,79,25,81,32,79,71,73,83,111,84,71,76,14,83,78,59,69,80,113,93,64,68,73,74,92,105,82,101,70,40,63,47,87,109,47,24,46,98,134,67,81,111,49,64,95,100,67,69,52,64,93,67,110,70,113,73,82,74,43,67,95,35,55,76,77,56,58,89,73,93,128,57,87,78,67,89,89,86,101,114],
