{
	"numFacilities":30,
	"costs": [
		[0,20,97,167,254,353,362,44,95,122,123,92,130,65,99,178,60,61,154,107,107,194,228,62,107,134,110,109,119,169,130,152,199,234,94,188,272,147,56,42,118,126,151,140,184,139,125,161,101,75,88,108,129,207,132,134,81,94,113,121,186,152,35,119,215,67,125,128,108,118,112,59,41,50,75,165,94,120,147,96,121,90,142,121,102,108,120,135,104,104,94,128,86,82,103,115,88,76,59,50,64,109,190,164,63,96,108,116,143,72,114,52,67,106,104,99,171,110,59,138,129,113,58,107,119,67,72,167,91,137,173,148,153,223,52,97,49,112,137,29,93,58,92,109,145,82,91,58,70,151,57,129,65,75,61,117,95,119,91,112,108,104,86,130,114,100,97,77,100,113,96,44,77,120,89,49,42,81,82,90,82,85,110,118,133,104,118,113,103,127,37,69,99,147,67,134,100,110,80,118,56,96,121,36,53,27,48,72,112,31,40,60,81,58,103,70,87,88,100,52,68,54,90,149,57,116,88,53,105,66,64,54,58,99,78,94,108,77,72,52,68,63,83,145,160,88,73,78,114,73,162,57,47,61,70,78,128,58,31,86,30,101,81,119,96,103,93,96,85,61,66,32,80,34,68,35,64,63,42,86,74,67,86,62,67,80,91,113,76,90,112,108,101,65,63,74,63,45,89,87],
		[20,0,60,130,61,87,96,64,115,87,88,53,52,45,79,158,80,81,174,45,95,182,109,82,127,154,71,89,139,130,91,113,160,195,32,126,210,135,76,62,138,146,171,100,102,71,82,122,81,89,102,63,84,162,68,53,32,45,111,119,184,113,55,76,90,87,142,92,59,94,77,50,21,30,55,145,114,96,85,34,122,70,85,108,122,128,115,128,84,84,85,79,65,69,82,76,60,96,79,70,44,89,100,107,83,116,99,136,86,52,57,32,47,86,84,50,122,69,79,123,92,88,78,70,106,49,54,149,71,93,129,111,91,161,52,97,69,114,32,9,69,78,52,69,100,62,71,78,90,110,37,92,74,84,81,97,114,94,71,99,88,89,46,117,94,51,60,97,76,76,100,64,97,69,75,69,62,101,102,110,51,65,89,98,98,69,69,76,123,113,57,80,105,127,67,134,68,82,92,57,36,76,76,56,73,47,68,65,122,51,60,69,101,38,83,84,69,70,82,72,88,34,74,108,51,110,55,54,106,46,44,45,49,61,67,83,113,59,52,72,88,43,63,125,127,88,93,54,98,53,122,73,67,81,50,58,113,65,11,66,50,64,88,110,78,77,73,76,79,50,55,52,60,54,60,55,75,74,62,106,63,47,55,82,81,61,83,88,94,104,123,68,92,45,51,67,43,63,65,78],
		[97,60,0,24,72,147,147,124,175,98,99,113,112,105,139,218,115,42,135,89,139,226,169,107,152,179,118,149,199,190,151,173,220,255,92,186,270,140,87,101,15,31,56,110,161,125,126,118,124,132,56,92,113,191,89,91,92,105,106,32,97,90,104,87,150,122,22,25,31,5,69,96,81,90,115,205,174,92,41,49,137,85,122,145,174,119,92,160,103,144,89,139,39,43,35,107,96,78,92,117,89,62,65,123,82,61,19,83,110,112,90,92,107,131,104,110,131,41,57,39,32,45,66,10,79,86,42,137,131,119,75,51,108,101,80,119,123,88,92,69,98,60,94,60,56,42,56,73,68,48,81,134,59,69,68,129,102,97,77,88,70,26,64,66,57,63,50,101,37,16,54,74,107,101,15,37,88,149,101,70,66,98,29,7,45,64,85,16,65,129,63,52,31,103,83,150,56,70,84,45,24,64,53,68,133,73,98,66,118,50,16,58,100,82,113,90,53,54,66,85,80,73,52,87,95,83,72,96,38,48,71,85,89,79,44,60,70,37,69,81,33,86,42,50,124,104,99,96,101,41,72,39,39,53,63,22,77,55,71,58,51,4,78,111,53,60,37,55,53,70,47,37,73,55,59,62,44,51,81,78,55,65,38,75,45,58,116,78,69,29,100,86,99,32,38,66,31,21,74,87],
		[167,130,24,0,87,71,80,148,114,113,114,40,78,85,91,170,19,18,111,81,131,218,93,130,175,202,58,99,181,44,78,100,147,182,101,195,118,141,111,125,39,55,80,99,132,140,118,109,93,45,32,68,89,167,81,83,47,60,16,8,39,57,71,63,159,26,31,34,40,29,78,95,105,114,139,229,94,116,65,73,121,109,101,124,68,117,59,127,127,168,113,105,63,32,11,63,63,54,59,84,87,86,89,123,58,85,43,107,134,136,114,104,119,41,67,78,140,50,66,31,56,21,69,34,69,62,66,161,143,119,99,75,84,125,88,125,65,77,102,70,62,36,70,52,80,58,22,49,61,72,73,71,25,35,77,105,101,66,89,86,94,50,74,90,81,66,28,77,61,40,63,35,68,79,39,59,65,132,77,85,90,109,53,31,69,71,77,8,57,121,39,71,55,92,73,132,80,94,75,69,48,88,77,44,41,49,84,32,102,74,40,67,40,53,98,93,71,72,72,61,69,74,68,111,66,107,73,72,62,34,47,84,88,89,64,80,62,61,92,84,57,52,51,59,114,87,64,72,70,65,96,51,61,75,87,46,101,46,82,82,75,28,69,126,77,84,61,64,42,59,48,61,88,74,25,28,57,73,64,79,56,42,47,84,21,34,105,44,93,53,76,96,49,24,25,57,55,45,78,91],
		[254,61,72,87,0,28,37,104,123,26,27,64,102,46,80,159,43,44,137,106,156,243,38,43,88,54,46,87,127,113,102,124,171,206,93,187,205,196,53,67,87,100,125,123,156,53,87,95,82,90,103,89,110,188,28,30,71,84,103,95,126,124,116,36,31,50,94,52,58,77,93,111,30,39,64,154,139,28,76,84,109,79,131,124,153,146,126,69,93,93,135,129,97,42,63,87,99,49,88,113,105,49,39,92,81,114,91,140,126,113,77,51,66,105,104,35,107,68,41,111,85,73,42,82,79,110,114,171,90,127,114,76,136,173,84,113,104,87,93,70,50,63,76,93,41,80,56,35,47,120,49,108,59,69,56,98,38,71,20,74,97,98,69,73,82,38,51,87,100,88,81,59,92,78,83,105,51,115,76,84,101,120,100,47,42,5,105,88,120,137,41,73,76,146,99,166,115,92,35,73,94,124,106,111,65,51,100,14,74,50,59,42,64,41,86,66,95,96,86,87,95,43,62,49,54,113,32,62,110,16,53,36,32,70,76,71,101,109,53,57,73,34,43,105,138,110,64,67,75,71,121,33,43,57,105,66,74,68,70,98,51,50,91,63,23,16,81,46,32,49,54,33,1,36,47,54,58,83,66,105,34,4,29,41,46,59,122,66,39,86,93,91,84,48,45,44,16,54,78,91],
		[353,87,147,71,28,0,9,109,151,54,55,92,130,74,108,88,71,72,165,132,182,56,22,71,116,82,74,115,140,43,84,106,153,188,119,45,129,13,79,93,110,126,114,151,138,81,64,67,73,81,94,83,104,182,56,58,99,112,87,44,38,56,70,64,57,78,67,70,76,100,121,91,52,61,86,176,130,56,104,75,103,91,100,123,139,164,58,8,95,115,126,137,111,70,82,72,62,33,58,83,102,45,67,120,94,127,95,122,98,59,73,79,94,112,64,7,79,70,69,102,113,45,70,105,107,107,112,173,118,123,94,102,108,178,23,68,64,115,83,96,78,35,60,77,69,57,28,63,73,118,52,70,31,41,79,89,66,97,40,33,74,97,53,101,105,66,34,87,114,111,99,49,82,85,55,74,79,141,104,112,92,123,87,75,70,33,133,79,116,70,13,45,84,91,38,48,87,101,63,101,119,96,100,71,93,23,72,38,76,78,86,70,92,53,98,94,113,70,58,75,91,65,47,75,66,125,60,62,66,40,29,64,60,68,63,79,106,98,81,85,101,58,67,95,123,59,64,62,51,89,123,57,59,73,82,90,102,78,46,86,79,78,101,91,51,44,99,70,60,70,61,53,27,64,31,31,60,88,38,82,62,32,53,69,74,54,62,50,67,84,77,75,48,58,49,52,44,82,73,86],
		[362,96,147,80,37,9,0,100,151,63,64,101,139,83,117,97,80,81,174,140,190,65,31,80,125,91,83,124,149,52,93,115,162,132,128,54,138,22,88,102,119,135,120,160,134,90,73,58,64,72,85,92,113,191,65,67,108,121,96,53,47,65,79,73,66,87,76,79,85,109,109,82,61,70,95,185,121,65,113,66,112,100,100,123,148,164,67,17,104,124,117,146,120,79,91,81,71,42,67,92,111,54,76,122,103,136,104,116,89,68,82,88,103,121,73,16,88,79,78,111,122,54,79,114,116,116,121,182,127,121,85,109,117,187,32,77,73,124,92,105,87,44,69,86,78,66,37,72,82,127,61,79,40,50,88,80,75,106,49,42,83,106,62,110,114,75,43,96,123,120,108,58,91,94,64,83,88,150,113,121,83,115,96,84,79,42,142,88,124,79,22,54,93,100,47,57,96,110,72,110,128,105,109,80,102,32,81,47,85,87,95,79,101,62,107,103,122,79,67,84,100,74,56,84,75,134,69,71,75,49,38,73,69,77,72,88,115,107,90,94,110,67,76,104,132,68,73,71,60,94,132,66,68,82,91,99,111,87,55,95,88,87,110,100,60,53,108,79,69,79,70,62,36,73,40,40,69,97,47,88,71,41,62,78,83,63,71,59,76,93,86,77,57,67,58,61,53,91,82,95],
		[44,64,124,148,104,109,100,0,51,78,79,117,116,109,119,197,95,96,189,102,96,115,131,106,65,92,100,129,163,152,155,127,174,160,96,154,110,122,100,86,102,110,135,33,84,105,125,158,66,74,87,123,96,102,132,117,89,102,43,51,31,60,74,20,98,59,74,77,83,118,132,98,85,94,118,208,78,104,114,98,105,117,93,91,113,64,62,93,60,148,71,127,40,44,65,90,66,109,62,87,53,98,95,115,101,134,106,77,104,116,117,96,96,68,94,94,45,62,78,99,93,70,14,69,81,58,55,138,39,111,83,107,89,159,49,70,5,68,96,73,104,34,68,85,125,113,49,75,87,125,101,103,52,62,104,82,127,84,124,128,151,69,75,100,70,102,55,108,135,75,105,48,81,116,45,67,83,88,120,128,115,93,88,108,115,83,126,122,59,123,81,113,118,95,64,42,132,129,74,112,73,113,98,74,97,39,65,59,102,15,24,79,73,73,27,26,59,60,72,61,75,80,69,116,86,145,81,70,86,61,47,10,14,83,45,51,64,60,92,29,45,79,68,95,117,85,77,70,72,90,115,47,54,68,103,48,93,67,44,91,14,90,90,75,80,87,63,89,54,59,55,16,105,18,38,31,60,81,54,82,63,69,74,70,49,36,88,71,96,69,103,97,49,77,19,51,70,29,80,93],
		[95,115,175,114,123,151,151,51,0,97,98,152,98,74,108,36,66,67,103,148,86,166,161,122,116,74,82,118,200,158,190,178,225,211,147,196,161,103,89,103,153,161,149,84,135,124,107,134,68,76,89,117,138,153,114,88,38,51,94,102,82,111,91,71,149,73,125,128,65,100,121,55,133,122,147,237,125,137,96,104,152,107,144,142,164,115,113,144,108,92,20,76,71,75,96,141,66,111,97,122,99,144,116,163,152,185,78,128,155,167,152,109,124,119,133,109,96,75,35,134,105,106,65,100,112,84,58,153,90,64,100,103,140,93,100,65,56,119,147,61,86,85,91,108,138,124,100,50,62,150,89,131,103,113,154,84,129,98,100,110,129,119,95,102,109,57,70,106,131,74,117,82,115,98,96,118,66,103,135,143,121,117,119,139,133,114,75,57,8,72,111,97,112,146,115,68,139,86,69,76,76,116,47,92,87,67,116,71,108,66,75,36,43,84,78,77,74,58,70,110,118,75,35,103,81,138,90,77,129,47,90,61,65,110,76,92,13,53,81,80,96,91,74,136,168,136,111,93,102,65,128,40,50,64,102,99,124,92,95,117,60,101,115,83,69,76,97,77,65,82,51,62,119,56,89,73,94,132,82,103,59,81,71,112,87,35,96,94,85,93,154,117,63,73,70,59,78,80,29,42],
		[122,87,98,113,26,54,63,78,97,0,1,55,93,72,96,79,17,18,111,132,174,110,64,69,114,80,72,106,153,97,93,115,162,195,119,99,183,67,79,93,113,126,151,97,138,27,93,121,98,106,119,87,108,180,54,56,45,58,82,73,92,110,98,62,57,24,96,78,72,103,109,86,56,65,90,180,155,54,102,72,135,105,154,143,172,142,112,62,100,119,117,120,78,68,84,78,73,75,73,98,106,74,65,66,89,122,101,155,152,88,102,66,67,106,118,61,123,82,67,95,111,94,68,107,105,111,116,178,91,134,140,102,157,136,77,122,78,113,117,68,76,89,102,116,67,98,82,61,73,94,75,99,85,95,82,114,64,97,46,62,103,124,95,99,108,64,77,108,126,97,107,33,66,77,92,114,77,102,70,78,89,121,126,73,68,31,82,114,105,99,42,74,102,145,92,102,107,118,61,99,120,98,104,99,39,52,99,40,100,76,85,68,38,67,105,92,69,70,82,61,69,69,79,75,80,133,58,88,90,42,79,62,58,96,83,97,110,118,79,83,99,60,69,124,129,113,62,93,60,97,135,59,69,83,109,92,100,44,96,115,77,76,67,89,49,42,104,72,58,75,46,59,27,62,73,60,84,90,67,111,54,30,55,67,72,85,103,92,65,108,119,117,58,74,71,70,42,80,104,117],
		[123,88,99,114,27,55,64,79,98,1,0,54,92,73,97,80,18,19,112,133,121,111,65,70,115,81,72,107,154,98,92,114,161,196,120,100,184,68,80,94,114,127,152,98,68,26,94,122,99,107,120,88,109,181,55,57,46,59,83,74,93,111,99,63,58,25,97,79,73,104,110,87,57,66,91,181,156,55,103,71,136,106,155,144,173,143,113,63,99,120,118,119,79,69,83,77,74,76,74,99,107,75,66,65,90,123,100,156,153,89,103,65,66,105,119,62,124,83,68,96,112,93,69,108,106,112,117,177,90,133,141,103,156,137,78,123,79,114,116,69,76,90,103,117,68,99,83,62,74,93,75,98,86,96,83,115,65,98,47,63,104,125,96,100,109,65,78,109,127,98,107,34,67,78,93,115,78,103,71,79,88,120,127,74,69,32,83,115,106,100,43,75,103,146,93,103,106,119,62,100,121,99,105,100,40,53,98,41,101,77,86,69,39,68,106,93,70,71,83,62,70,70,80,76,81,134,59,89,91,43,80,63,59,97,84,98,111,119,80,84,100,61,70,125,128,114,63,94,59,97,136,60,70,84,110,93,101,45,96,114,78,77,68,90,50,43,105,73,59,76,47,60,28,63,74,61,84,91,66,112,55,31,56,68,73,86,104,93,66,109,120,118,59,75,72,71,43,81,105,118],
		[92,53,113,40,64,92,101,117,152,55,54,0,38,45,78,134,59,58,151,76,126,148,102,107,48,26,18,59,141,71,38,60,107,115,63,115,158,105,117,115,79,95,82,114,92,80,59,69,75,83,72,69,90,156,66,68,81,94,56,48,79,60,74,74,95,66,71,74,68,68,91,98,74,83,108,198,132,92,48,56,132,123,116,78,86,135,62,76,93,137,133,65,69,50,29,23,40,94,62,46,77,113,103,119,50,83,46,112,131,105,110,85,100,81,107,77,149,78,83,71,57,39,80,74,87,80,85,117,124,79,115,115,102,165,83,128,105,95,62,60,22,72,83,92,105,85,62,89,68,112,88,44,65,75,43,91,61,91,71,46,87,90,77,87,103,76,68,69,87,78,53,69,102,50,65,83,105,77,69,77,73,105,93,71,106,67,117,48,92,144,66,98,81,95,76,140,91,105,58,60,81,121,86,75,81,76,44,45,97,100,80,55,80,89,134,104,100,101,94,48,64,59,105,113,64,105,33,74,86,47,65,76,80,65,71,87,97,90,52,48,64,63,74,99,74,80,85,74,55,93,96,59,69,83,95,82,117,86,42,85,101,68,68,35,75,80,95,77,60,77,66,65,65,88,65,68,30,69,62,110,74,55,60,58,39,52,122,84,91,85,116,88,62,64,43,75,53,76,85,98],
		[130,52,112,78,102,130,139,116,98,93,92,38,0,7,41,76,97,96,189,97,147,186,140,126,86,64,56,51,133,109,76,98,145,153,84,153,196,143,128,114,117,133,120,149,130,118,97,107,43,51,64,50,71,149,104,105,43,56,89,86,117,98,96,95,133,104,109,103,70,60,54,81,73,82,107,197,100,126,86,86,124,122,137,88,117,158,100,114,55,136,83,27,61,65,67,61,71,86,100,84,69,114,141,157,88,121,84,101,128,104,109,84,99,114,136,102,161,80,18,109,95,77,101,90,76,57,62,133,113,41,77,101,136,61,68,113,112,110,84,61,56,103,104,64,87,114,95,81,93,97,89,82,93,103,81,59,99,129,33,84,62,109,91,97,65,62,75,78,125,70,87,89,122,88,95,96,82,54,86,94,103,115,109,109,75,104,80,86,103,165,104,76,63,133,83,150,120,69,60,22,43,83,67,97,92,50,82,76,99,103,84,17,108,59,104,105,77,78,75,86,102,77,86,123,72,131,71,93,114,78,96,97,101,103,66,82,108,67,14,64,80,43,63,125,112,71,76,106,93,48,127,21,31,45,70,77,129,54,63,74,102,61,77,73,113,101,87,105,75,58,51,46,103,80,98,54,68,107,65,80,59,86,91,96,71,79,101,80,124,74,115,113,77,66,72,58,50,76,112,125],
		[65,45,105,85,46,74,83,109,74,72,73,45,7,0,34,83,64,65,86,90,70,130,44,89,93,71,63,44,126,75,83,87,134,133,77,119,203,87,99,107,120,101,27,81,119,99,104,89,36,44,57,43,64,142,34,36,36,49,82,90,88,88,89,42,77,71,105,58,63,53,47,74,66,75,88,178,93,74,93,79,117,115,130,81,110,107,90,82,48,129,90,34,54,58,74,68,64,55,90,91,62,95,85,138,87,120,91,94,121,97,102,57,72,107,110,81,153,73,25,116,102,84,48,83,83,64,69,126,96,48,84,108,129,68,75,120,114,103,77,54,49,83,82,57,47,86,88,74,39,90,67,89,91,101,56,52,44,77,26,59,51,102,75,47,58,44,57,84,106,77,80,80,113,95,88,89,75,61,93,101,96,108,102,93,68,35,73,93,82,143,79,69,70,123,90,122,113,76,65,29,50,90,60,90,52,57,89,56,104,96,91,24,85,52,97,72,84,85,68,93,109,70,69,95,65,124,38,79,114,58,89,82,78,90,59,75,87,39,7,57,69,36,56,118,109,64,69,84,81,55,120,28,38,52,59,67,58,47,56,63,95,54,70,80,44,51,80,88,68,65,44,39,47,57,64,61,75,103,72,87,52,36,71,71,64,72,94,73,60,81,99,97,70,59,65,50,46,77,95,108],
		[99,79,139,91,80,108,117,119,108,96,97,78,41,34,0,79,98,99,120,120,104,164,78,123,126,104,51,10,75,109,116,121,168,113,83,153,53,76,133,95,130,135,61,115,97,96,137,8,2,10,23,9,30,72,68,69,70,53,48,56,121,44,58,54,111,105,79,82,67,19,13,40,100,68,88,178,59,85,89,16,83,95,145,32,61,110,46,114,82,163,75,68,20,24,45,55,38,45,46,71,28,73,119,135,106,139,78,123,70,87,101,90,105,73,50,82,154,77,48,114,62,55,60,49,61,33,38,133,129,82,118,142,77,102,75,87,119,58,48,71,15,105,74,23,46,97,54,40,52,56,85,99,57,67,90,18,63,98,60,79,85,68,50,41,92,59,57,63,78,55,46,98,78,96,54,55,56,95,125,133,33,65,68,81,34,63,77,99,62,123,67,35,74,79,51,111,51,65,58,63,56,96,26,59,86,66,73,43,83,89,48,49,67,18,63,64,53,54,34,77,88,36,45,105,31,90,39,64,70,42,81,116,112,65,25,41,67,43,41,38,54,63,58,86,58,30,35,76,102,32,86,53,57,71,79,36,88,76,90,97,90,20,61,113,78,60,46,72,34,34,10,58,81,56,57,37,58,69,63,88,18,48,37,59,30,43,83,39,83,88,89,27,84,25,31,61,59,43,71,84],
		[178,158,218,170,159,88,97,197,36,79,80,134,76,83,79,0,62,63,31,76,122,144,110,50,95,94,102,89,154,131,152,170,147,182,160,133,132,62,125,106,46,62,86,120,140,106,113,87,81,89,31,67,88,151,117,37,74,87,127,106,118,50,64,62,136,69,53,56,62,97,92,88,135,109,134,224,138,65,113,95,162,143,116,75,104,150,52,96,69,128,56,49,99,103,99,65,56,53,52,77,53,98,100,138,155,141,42,131,149,121,107,58,73,112,129,68,132,69,71,99,73,106,68,124,102,48,53,147,97,100,136,139,151,113,81,101,92,75,91,96,73,121,82,99,104,73,54,14,26,79,68,122,57,67,99,97,127,78,109,89,108,57,73,66,79,45,58,94,125,104,85,78,95,100,81,103,30,76,83,91,112,109,104,84,113,95,111,77,28,92,75,94,62,85,66,97,128,122,105,98,71,111,83,65,84,72,79,61,125,102,47,72,63,69,71,63,68,69,81,83,99,39,67,122,45,91,39,41,69,63,106,97,64,88,85,101,33,58,90,79,64,68,73,81,116,77,82,84,82,88,122,70,50,64,116,98,129,86,107,95,96,57,109,103,84,91,113,93,97,49,54,68,106,71,57,64,62,101,69,115,62,45,76,89,75,55,111,76,100,60,97,95,83,59,55,23,42,52,49,62],
		[60,80,115,19,43,71,80,95,66,17,18,59,97,64,98,62,0,1,93,84,134,127,81,53,98,84,77,108,91,63,97,119,166,158,78,116,137,84,96,102,58,74,91,80,86,44,110,106,100,64,51,87,108,170,71,73,28,41,35,27,51,76,81,79,43,7,50,53,55,48,97,103,73,82,107,197,105,49,84,80,132,122,113,130,87,136,78,79,112,136,86,98,61,51,30,82,56,73,56,81,106,91,82,83,35,68,62,126,153,105,111,66,81,60,86,78,140,65,81,50,75,40,85,53,88,81,85,176,105,112,118,94,103,132,91,131,61,96,112,51,81,30,64,71,84,77,41,68,80,91,70,90,44,54,96,116,81,85,63,79,87,69,92,109,100,47,47,54,72,59,68,16,49,60,58,78,67,119,54,62,97,107,72,50,85,48,65,27,74,116,58,87,74,111,92,119,99,113,52,88,67,107,96,63,22,48,83,51,91,91,59,82,21,69,114,109,52,53,65,44,52,86,62,61,82,90,75,66,73,25,66,79,67,91,66,82,79,80,71,83,76,71,52,78,133,106,45,66,77,84,115,70,80,94,92,65,117,27,81,99,90,47,50,93,66,59,80,55,61,74,29,76,44,55,44,47,76,73,63,98,37,47,49,84,40,53,86,63,82,72,95,114,41,43,44,76,59,64,77,90],
		[61,81,42,18,44,72,81,96,67,18,19,58,96,65,99,63,1,0,93,85,135,128,82,54,99,84,76,109,92,62,96,118,165,159,79,117,136,85,97,103,57,73,92,81,87,45,111,96,101,63,50,86,107,162,72,74,29,42,34,26,52,57,71,80,44,8,49,52,56,47,96,95,74,83,108,198,106,50,83,81,99,111,114,131,79,128,59,80,113,137,87,99,62,50,29,81,57,72,55,80,105,92,83,84,36,69,61,125,152,106,110,67,82,59,85,79,141,66,82,49,74,39,86,52,87,80,84,175,106,113,117,93,102,133,88,103,62,95,113,52,80,31,65,70,85,76,40,67,79,83,71,89,43,53,95,117,82,84,64,80,88,68,92,108,99,48,46,55,73,58,69,17,50,61,57,77,68,120,55,63,98,108,71,49,86,49,66,26,75,117,57,88,73,92,73,120,98,112,53,87,66,106,95,62,23,49,47,50,81,92,58,83,22,70,115,110,53,54,66,43,51,62,63,62,83,91,76,67,74,26,65,80,68,92,67,83,80,79,72,82,75,70,53,77,132,94,46,67,78,83,114,69,79,93,93,64,118,28,82,100,91,46,51,93,67,60,79,56,60,75,30,68,45,56,43,46,75,74,64,97,38,48,50,85,39,52,87,62,83,71,94,114,42,42,43,75,60,63,78,91],
		[154,174,135,111,137,165,174,189,103,111,112,151,189,86,120,31,93,93,0,45,60,147,80,19,64,91,99,120,184,32,41,63,110,103,163,130,163,47,135,137,57,73,98,100,95,119,82,118,112,120,62,98,119,182,89,22,72,85,127,119,48,19,33,93,40,76,64,67,71,106,123,57,101,78,103,193,60,34,82,90,87,98,85,70,99,145,21,89,38,136,87,80,94,89,110,89,25,84,21,46,77,122,131,107,53,82,61,111,138,123,76,43,58,83,109,53,125,81,86,98,91,91,99,65,126,79,84,116,82,99,123,136,154,144,50,56,74,44,86,95,50,40,74,91,133,46,67,45,57,90,53,59,70,80,46,115,80,63,97,120,97,46,86,79,48,30,43,72,90,71,81,54,64,69,70,86,39,107,52,60,107,75,84,53,91,68,109,108,59,104,106,103,73,54,35,82,125,137,60,98,102,142,108,34,87,41,48,30,84,104,49,87,90,54,99,94,61,49,61,52,68,63,70,58,54,60,24,50,45,32,75,105,33,76,52,68,64,84,93,48,53,50,59,92,140,56,61,76,67,93,134,49,35,49,105,67,118,75,79,90,51,56,96,94,60,67,82,62,70,59,64,53,70,47,56,49,71,72,38,86,72,40,45,58,60,62,89,82,76,63,98,108,37,44,40,8,27,54,80,93],
		[107,45,89,81,106,132,140,102,148,132,133,76,97,90,120,76,84,85,45,0,50,137,125,64,109,48,30,71,95,77,86,91,138,72,55,110,130,90,121,64,102,98,109,55,106,116,37,99,105,97,107,108,129,192,44,17,67,80,97,89,93,64,24,52,85,91,109,68,74,80,122,48,66,75,85,175,48,74,70,57,75,87,40,63,92,135,66,22,72,15,83,124,62,66,87,86,70,98,48,73,89,134,145,62,97,127,106,98,125,97,29,38,53,92,118,23,95,84,98,96,79,61,58,91,103,38,43,138,77,126,162,130,114,14,7,52,51,89,77,54,34,84,75,92,59,91,44,83,46,90,48,104,47,57,91,121,125,58,52,58,52,91,69,72,82,25,38,74,54,88,65,98,93,24,39,61,63,112,80,88,21,33,58,78,101,45,104,73,99,116,78,98,83,85,22,89,39,53,56,53,61,101,101,25,82,32,75,54,72,74,83,99,84,49,94,82,49,19,31,59,75,79,42,36,62,105,15,56,80,56,55,68,72,84,67,83,98,48,80,73,84,74,66,95,115,43,48,53,62,46,118,73,63,67,60,68,87,56,34,64,75,81,79,57,54,61,83,86,72,39,44,65,90,21,47,40,42,75,47,91,52,46,25,35,40,53,46,66,70,98,98,51,74,48,54,31,35,73,64,77],
		[107,95,139,131,156,182,190,96,86,174,121,126,147,70,104,122,134,135,60,50,0,87,114,79,124,98,80,114,145,92,101,123,170,122,105,160,63,40,128,114,117,133,97,105,122,103,87,108,91,99,112,104,125,176,94,53,103,116,62,70,108,79,74,102,100,136,93,96,102,123,103,98,85,91,116,206,98,94,120,107,96,81,90,113,55,85,81,72,22,65,106,81,107,111,112,136,85,125,79,104,123,165,155,112,49,82,121,98,125,147,79,74,89,87,113,46,118,85,95,146,116,64,108,125,148,50,55,100,113,118,154,129,38,64,57,39,101,104,110,104,77,100,59,76,98,106,67,105,96,140,84,99,70,80,106,105,76,12,78,108,102,103,69,117,32,61,73,30,86,120,67,68,101,74,89,111,75,108,68,76,71,83,108,102,77,95,140,123,94,120,101,133,115,114,72,75,89,66,43,81,73,113,121,75,118,82,102,77,82,102,109,94,129,85,84,85,70,32,44,90,99,51,55,86,90,104,55,61,105,79,90,106,93,84,90,106,99,60,77,106,110,97,87,121,162,93,97,61,16,54,138,96,95,106,91,99,104,67,84,114,34,105,90,107,43,50,114,109,66,49,54,36,93,30,64,71,82,121,23,71,62,87,75,65,70,46,96,89,59,108,82,91,87,86,68,67,74,112,72,85],
		[194,182,226,218,243,56,65,115,166,110,111,148,186,130,164,144,127,128,147,137,87,0,34,95,140,138,130,171,196,89,140,162,209,129,175,101,150,69,135,149,166,182,157,148,179,137,120,123,129,137,150,139,160,217,92,94,144,157,131,100,94,102,116,100,94,130,123,116,122,156,174,140,87,78,103,193,185,100,148,131,159,136,156,179,142,172,104,64,109,150,175,164,69,73,94,128,108,45,84,109,140,101,123,176,136,169,137,168,154,111,129,115,130,156,120,63,70,87,103,158,157,101,106,98,110,137,142,187,154,162,150,158,107,151,79,124,120,118,139,151,126,91,72,89,96,103,84,119,87,174,108,112,87,97,135,85,122,81,52,81,122,117,65,154,119,102,76,117,170,104,145,105,138,141,103,122,115,191,128,136,136,135,117,119,126,88,181,135,172,126,69,101,140,128,94,104,143,153,118,124,84,124,156,117,149,79,111,94,132,130,132,104,144,109,142,130,157,111,114,109,125,82,59,112,122,181,96,74,122,94,85,105,109,80,74,90,97,110,137,107,123,114,107,151,179,115,90,74,85,99,140,108,115,102,130,58,113,124,102,134,121,122,147,108,102,100,43,88,83,82,87,65,83,113,79,86,80,119,92,137,95,88,109,103,104,110,118,106,92,140,89,87,94,82,88,96,77,115,85,98],
		[228,109,169,93,38,22,31,131,161,64,65,102,140,44,78,110,81,82,80,125,114,34,0,61,106,92,84,88,126,65,106,128,175,163,58,27,111,35,91,45,121,98,71,125,133,91,86,83,80,78,33,69,90,150,26,28,78,91,109,66,60,78,92,34,69,88,89,50,56,91,91,113,68,77,102,159,127,66,114,60,125,113,97,110,139,144,80,30,92,131,134,78,98,80,101,94,84,11,50,75,88,67,77,119,79,112,103,138,120,81,95,49,64,103,86,29,77,52,68,124,123,67,40,96,117,93,98,170,88,92,116,114,117,112,45,90,86,124,105,85,75,57,38,55,39,78,50,50,53,116,34,78,53,63,94,96,36,69,18,47,88,113,31,91,102,36,42,85,98,102,79,71,104,107,77,96,66,93,94,102,77,101,69,85,80,27,115,99,126,92,35,67,106,94,60,70,95,109,57,73,94,118,86,93,93,45,77,52,96,88,97,68,102,35,80,64,97,92,80,75,91,75,25,87,48,107,30,40,88,54,51,74,70,46,52,68,98,76,51,55,71,72,48,96,135,81,62,40,73,98,105,71,81,68,96,92,102,90,68,96,89,88,88,74,36,43,77,84,55,48,53,31,39,49,45,52,61,85,60,103,61,28,67,63,66,76,84,72,52,101,55,53,63,42,48,42,38,76,51,64],
		[62,82,107,130,43,71,80,106,122,69,70,107,126,89,123,50,53,54,19,64,79,95,61,0,45,72,35,76,109,51,60,82,129,110,99,88,142,66,96,104,76,92,75,119,114,96,72,131,125,117,81,37,58,136,71,41,59,72,88,80,67,38,52,79,59,60,83,86,86,85,136,76,65,59,84,174,79,53,94,101,91,103,104,89,118,164,40,73,57,79,106,99,86,85,83,70,44,72,40,65,56,92,82,126,52,85,80,130,157,115,93,62,77,102,128,72,138,96,84,79,103,93,85,84,122,45,50,135,101,118,142,119,70,78,69,75,93,63,105,82,31,51,85,100,74,65,86,36,48,84,72,78,89,90,65,74,81,82,63,63,104,65,78,95,67,49,62,71,89,87,62,37,70,88,89,105,20,65,33,41,85,94,103,72,85,40,96,80,78,123,83,115,92,73,54,101,103,117,55,93,68,108,54,53,75,60,67,49,94,93,68,85,74,73,118,85,65,66,62,71,87,61,73,77,35,79,43,31,64,51,88,18,14,93,71,87,83,55,87,67,72,69,78,111,103,75,66,87,52,85,142,68,54,68,112,48,103,80,52,107,70,75,77,75,66,59,63,81,75,46,51,72,44,66,75,68,47,86,57,105,59,39,64,76,79,73,108,98,82,69,116,100,56,63,27,27,46,73,98,111],
		[107,127,152,175,88,116,125,65,116,114,115,48,86,93,126,95,98,99,64,109,124,140,106,45,0,27,35,76,154,62,86,108,155,155,111,133,175,45,133,147,121,59,84,36,87,40,60,111,69,77,90,82,103,105,67,69,104,117,46,54,96,75,89,75,104,105,77,80,86,85,139,113,110,104,121,57,124,55,49,57,136,148,149,113,134,129,77,28,102,124,86,113,43,47,68,25,42,112,77,94,101,137,73,79,27,60,48,137,164,58,96,79,80,71,18,29,101,87,71,34,58,67,79,72,84,85,58,153,42,114,148,134,115,123,43,14,70,92,110,108,39,70,104,55,97,48,50,81,69,107,76,89,53,63,91,85,109,11,75,63,104,88,44,104,112,77,56,46,57,78,70,46,79,51,48,62,65,110,46,54,74,106,91,74,112,40,82,57,93,157,83,115,86,110,58,80,92,98,10,48,69,109,99,77,107,42,91,47,49,69,78,72,104,77,92,91,105,106,100,95,79,96,101,95,80,82,50,76,86,49,61,63,59,59,48,64,94,63,95,86,95,67,76,98,76,38,43,74,7,45,97,66,57,71,106,83,108,43,68,86,70,77,66,36,76,83,69,79,57,74,77,72,89,23,41,34,47,76,14,62,85,41,62,73,78,86,82,72,92,100,104,66,67,61,67,72,51,77,85,98],
		[134,154,179,202,54,82,91,92,74,80,81,26,64,71,104,94,84,84,91,48,98,138,92,72,27,0,8,49,131,89,64,86,96,120,89,119,157,72,107,112,83,86,98,63,114,67,33,95,96,104,98,95,116,88,40,42,92,102,73,74,105,86,72,48,77,91,90,64,70,58,117,96,84,93,104,84,96,70,22,30,118,130,88,86,112,156,72,55,119,63,94,91,59,63,55,49,66,103,88,72,103,103,93,106,54,87,72,138,157,85,77,63,78,98,45,56,128,80,82,61,31,65,54,88,100,86,85,143,69,105,141,69,128,62,55,41,97,108,88,86,12,62,96,82,95,75,77,89,42,116,73,70,80,71,69,106,87,38,48,36,77,94,71,95,75,50,63,73,84,68,43,73,93,24,39,61,92,103,73,81,47,79,104,78,96,41,109,74,66,130,56,88,67,80,58,107,65,79,37,75,96,136,106,73,106,66,70,68,76,74,83,81,101,74,119,78,97,67,79,74,90,85,90,84,54,109,23,64,106,70,88,90,70,86,64,80,71,89,78,69,85,88,62,91,100,65,70,49,34,72,70,85,63,77,85,56,111,70,68,59,75,59,58,9,49,56,71,100,73,87,56,58,55,50,68,61,20,59,41,89,64,42,51,77,65,78,94,99,65,97,108,93,52,48,54,56,43,50,60,73],
		[110,71,118,58,46,74,83,100,82,72,72,18,56,63,51,102,77,76,99,30,80,130,84,35,35,8,0,41,123,62,56,78,104,102,81,111,104,80,99,64,91,94,60,71,110,75,41,59,53,61,74,10,31,96,48,17,67,80,74,66,57,73,54,56,77,84,89,72,78,50,64,78,76,85,110,92,78,74,30,38,105,117,70,78,104,153,72,52,92,45,102,67,51,55,47,41,58,64,75,64,29,74,85,92,62,95,64,98,121,88,59,38,53,92,53,53,125,88,74,69,39,57,62,80,92,34,39,14,31,97,133,77,43,44,37,49,81,98,80,72,4,54,88,74,47,76,74,71,50,57,48,62,77,63,61,47,79,46,56,28,69,87,51,80,83,25,38,74,84,60,35,68,101,32,37,59,55,94,68,76,21,63,88,70,85,49,104,66,74,138,48,80,75,88,52,115,39,53,45,78,57,97,27,55,82,58,62,60,84,72,81,73,84,49,94,86,54,47,35,66,82,56,46,36,46,105,15,33,85,62,83,53,49,66,56,72,79,44,70,66,82,80,23,85,76,67,72,57,42,61,78,77,61,67,67,34,89,73,60,67,73,51,50,17,57,62,49,92,65,35,40,50,47,49,64,39,12,51,49,90,48,50,25,60,55,46,76,87,73,46,100,73,44,56,61,31,35,58,68,81],
		[109,89,149,99,87,115,124,129,118,106,107,59,51,44,10,89,108,109,120,71,114,171,88,76,76,49,41,0,82,103,97,119,36,71,93,115,63,86,140,105,132,135,71,17,53,95,82,18,12,20,33,19,40,82,78,58,80,30,58,66,98,54,68,64,118,115,89,92,44,9,23,50,110,78,98,123,69,95,71,26,73,85,60,37,66,115,56,93,92,86,85,78,10,14,35,65,45,55,56,81,38,66,113,82,103,136,88,110,80,97,94,79,83,83,60,92,144,54,58,110,72,45,70,39,51,43,39,55,72,92,128,118,84,85,78,77,122,59,53,76,25,95,84,33,56,107,64,50,62,66,89,87,67,77,100,28,73,87,70,69,95,58,60,46,102,36,49,73,88,45,56,108,79,73,44,65,66,105,109,117,43,75,58,78,44,53,54,107,72,133,77,45,84,89,61,121,61,75,68,73,57,97,36,69,66,76,83,50,93,79,58,59,77,28,73,74,63,64,44,87,98,46,55,77,41,100,49,61,80,52,71,94,90,75,15,31,61,44,51,48,64,70,48,96,68,39,44,86,83,42,62,63,67,81,89,26,78,71,100,96,80,10,71,58,79,70,36,69,24,41,20,43,88,66,67,19,48,79,73,70,28,54,47,54,40,53,93,49,93,87,99,37,85,35,41,71,64,53,81,94],
		[119,139,199,181,127,140,149,163,200,153,154,141,133,126,75,154,91,92,184,95,145,196,126,109,154,131,123,82,0,89,66,88,118,53,114,75,36,59,147,159,114,130,136,99,120,95,34,83,77,63,76,84,105,71,34,36,86,52,101,109,142,43,57,42,48,84,121,29,35,70,76,81,157,104,54,108,14,40,88,91,41,53,85,107,136,123,45,113,157,110,84,140,72,76,97,54,37,83,45,70,101,100,52,107,78,111,77,92,119,88,100,57,72,107,120,65,67,45,54,141,97,103,48,101,77,106,111,21,38,110,131,124,109,109,74,45,110,95,106,93,90,89,20,37,79,86,86,93,43,73,61,60,86,88,61,93,95,77,42,119,87,48,75,86,130,44,57,93,109,107,58,75,108,119,44,66,109,137,97,97,108,29,54,59,97,35,76,107,137,81,85,67,96,78,59,94,126,105,49,87,46,71,82,58,88,65,48,42,38,58,67,55,98,62,107,72,15,16,28,52,68,63,25,30,75,133,38,22,69,39,82,99,95,81,65,29,59,58,90,57,41,32,12,74,105,67,61,18,81,63,98,59,68,80,95,87,87,63,104,99,59,62,86,98,44,51,94,69,55,30,35,45,78,18,52,46,23,62,62,97,43,36,57,47,52,65,47,82,60,53,111,97,88,69,75,50,46,72,29,42],
		[169,130,190,44,113,43,52,152,158,97,98,71,109,75,109,131,63,62,32,77,92,89,65,51,62,89,62,103,89,0,35,57,104,97,123,88,125,56,122,110,83,25,50,97,89,102,103,110,111,89,76,72,93,158,27,29,79,92,60,52,11,13,27,35,72,55,75,51,57,73,122,51,76,85,110,85,92,66,92,100,106,118,73,96,112,92,15,51,70,92,86,109,25,29,50,87,19,76,15,40,71,88,110,95,47,65,87,79,106,24,70,50,65,77,56,50,122,62,78,75,99,60,41,54,66,76,81,74,58,93,129,111,105,91,44,76,37,74,106,86,66,8,42,59,74,14,35,75,62,116,60,27,38,48,40,109,74,70,35,21,62,54,90,70,80,37,41,66,84,60,80,22,55,67,52,74,71,116,66,74,83,104,73,75,104,23,110,52,91,98,41,73,78,48,29,91,101,115,53,59,19,59,89,28,85,35,42,24,92,63,43,79,25,61,106,65,56,57,69,46,62,57,66,90,56,87,31,44,39,26,69,69,65,26,20,36,66,80,70,42,58,44,49,103,133,50,51,44,69,36,115,43,53,67,70,78,86,66,85,74,64,72,89,79,37,44,51,56,39,52,33,48,70,50,38,43,65,79,32,80,41,24,39,52,57,46,46,57,27,57,89,90,5,68,64,31,12,48,55,68],
		[130,91,151,78,102,84,93,155,190,93,92,38,76,83,116,152,97,96,41,86,101,140,106,60,86,64,56,97,66,35,0,22,69,104,101,123,76,88,155,102,58,60,85,114,54,50,97,85,91,99,103,66,87,137,62,63,113,118,94,62,46,22,36,70,81,90,65,68,30,65,116,60,111,119,120,120,80,75,86,93,107,119,108,75,104,118,24,86,79,101,60,103,60,64,67,61,12,97,24,49,80,122,47,89,12,45,62,114,116,59,79,84,90,86,91,85,130,40,45,109,79,77,76,46,101,85,90,70,47,102,138,133,99,100,53,97,72,85,91,98,60,43,77,94,103,49,70,86,97,91,94,62,14,24,5,74,39,97,57,56,61,65,99,81,89,71,76,31,49,52,91,31,64,56,38,45,80,115,31,39,77,69,65,85,123,58,142,86,100,107,76,62,43,57,38,105,95,96,29,66,54,94,83,37,92,39,33,7,68,58,52,46,60,95,140,100,81,82,61,37,53,48,72,69,65,67,65,79,48,9,52,78,74,61,55,71,101,73,90,51,67,25,36,93,109,59,54,63,83,71,93,26,36,50,69,77,82,62,80,73,59,66,82,73,72,54,86,39,29,46,46,54,103,63,73,47,68,59,41,89,54,17,22,61,66,79,81,59,62,66,65,104,40,80,81,49,47,57,74,87],
		[152,113,173,100,124,106,115,127,178,115,114,60,98,87,121,170,119,118,63,91,123,162,128,82,108,86,78,119,88,57,22,0,47,82,123,145,98,110,177,124,80,82,107,83,32,72,86,107,113,121,125,88,109,147,79,81,35,48,108,84,68,44,58,87,103,112,87,14,8,43,124,82,133,133,72,142,102,97,81,89,124,108,114,97,126,96,46,108,101,106,82,121,68,72,89,83,34,119,46,71,102,100,69,111,34,67,84,109,136,81,101,102,112,108,113,107,108,18,34,51,79,99,93,68,109,102,105,68,69,124,160,141,121,105,75,119,94,107,113,58,82,65,99,72,102,71,92,73,85,113,86,84,36,46,27,60,61,119,79,78,39,87,121,103,111,54,67,53,71,74,43,53,86,78,45,23,74,137,53,61,99,91,62,78,116,80,72,74,122,129,98,40,65,79,60,127,117,85,51,88,76,116,91,59,45,61,55,29,90,80,48,35,82,87,132,87,103,104,83,59,75,70,88,91,87,89,83,85,70,31,68,100,96,83,73,89,119,95,94,73,62,47,31,93,131,80,75,85,101,63,71,39,25,39,47,55,51,40,94,51,81,44,63,95,89,76,70,61,51,68,24,54,125,73,53,48,66,37,63,99,32,39,44,64,69,82,93,71,84,68,86,126,62,90,96,52,69,53,96,109],
		[199,160,220,147,171,153,162,174,225,162,161,107,145,134,168,147,166,165,110,138,170,209,175,129,155,96,104,36,118,104,69,47,0,35,96,151,99,122,176,141,106,122,101,33,69,111,118,54,48,56,69,55,76,118,114,94,82,46,94,102,115,90,104,100,150,151,113,61,55,45,59,86,146,86,111,159,105,131,107,62,109,121,67,73,102,143,92,129,128,122,121,109,26,30,51,101,61,91,92,117,74,87,115,89,81,114,110,74,52,86,115,115,90,119,96,128,155,65,81,98,108,61,106,55,67,79,55,91,108,128,164,106,120,121,114,113,141,75,88,105,61,112,116,69,92,96,100,86,98,102,125,103,83,93,74,64,108,113,20,105,86,74,96,81,112,52,65,100,118,61,22,74,95,109,60,70,102,119,100,108,79,111,74,57,80,63,70,121,108,169,113,81,112,112,97,157,97,111,93,109,73,113,64,105,82,108,28,54,92,95,94,82,113,64,109,110,99,100,80,32,48,43,91,113,77,136,85,77,116,56,87,124,126,111,31,47,77,60,87,84,11,74,64,120,104,75,80,58,117,78,26,50,60,74,83,62,97,33,87,98,9,46,56,76,95,102,52,85,40,57,35,7,100,13,47,35,64,84,109,86,43,64,69,70,61,74,110,82,111,103,133,73,109,71,65,87,74,89,69,82],
		[234,195,255,182,206,188,132,160,211,195,196,115,153,133,113,182,158,159,103,72,122,129,163,110,155,120,102,71,53,97,104,82,35,0,61,102,89,112,193,132,141,122,136,68,104,146,87,89,83,91,104,46,67,124,29,31,81,81,129,137,94,84,96,37,101,137,100,53,59,77,94,120,60,51,76,161,67,71,119,63,94,84,32,55,84,52,84,94,123,87,56,111,61,65,86,105,90,118,86,100,65,110,105,54,82,115,128,39,66,100,101,52,55,94,120,95,120,69,71,133,128,96,43,90,102,70,75,74,79,100,136,71,62,86,79,98,120,81,53,76,52,97,73,90,83,50,71,74,86,82,62,113,74,84,109,67,112,72,37,118,65,19,65,64,77,39,52,88,119,94,57,101,101,96,85,104,81,84,101,109,80,82,96,90,113,28,105,102,143,134,138,91,130,77,94,147,98,112,58,96,93,42,29,92,96,103,63,81,91,111,114,72,121,63,108,67,68,66,71,67,83,49,71,83,76,135,33,74,110,67,83,78,82,80,66,80,90,80,112,28,12,78,51,113,112,57,62,71,76,81,61,76,86,100,73,81,126,34,82,77,44,78,57,93,39,46,87,97,75,71,70,16,109,48,74,70,76,109,71,119,78,29,72,64,69,82,100,93,55,104,110,87,102,70,76,45,39,70,82,95],
		[94,32,92,101,93,119,128,96,147,119,120,63,84,77,83,160,78,79,163,55,105,175,58,99,111,89,81,93,114,123,101,123,96,61,0,85,136,93,108,94,107,123,104,110,110,47,92,10,16,24,37,73,94,155,84,72,64,77,62,70,118,91,79,68,121,85,93,96,80,95,96,82,53,62,87,168,73,99,10,2,81,93,93,115,144,113,93,77,116,70,117,111,97,101,92,86,92,34,73,86,36,81,132,86,81,114,109,100,72,84,84,64,79,87,113,60,75,90,50,128,19,54,74,102,138,41,46,95,103,125,161,132,59,69,62,44,101,141,64,41,79,54,20,37,79,94,68,54,66,114,69,60,71,81,106,32,77,85,76,70,107,60,14,103,126,80,28,77,80,90,93,62,95,70,85,69,66,133,100,108,19,51,76,96,91,85,101,105,76,81,80,48,87,126,77,128,37,51,48,86,64,103,90,78,100,79,88,78,87,83,92,51,81,32,77,78,61,62,74,57,73,50,48,91,45,104,25,22,74,56,76,55,59,29,35,51,81,51,83,52,67,75,68,100,137,98,91,22,80,46,122,55,65,51,65,44,99,75,21,47,82,94,98,98,94,73,59,86,78,30,24,71,92,53,28,35,43,82,63,86,32,62,23,51,44,53,69,71,91,92,78,29,86,31,37,67,45,38,33,46],
		[188,126,186,195,187,45,54,154,196,99,100,115,153,119,153,133,116,117,130,110,160,101,27,88,133,119,111,115,75,88,123,145,151,102,85,0,84,44,118,50,97,94,69,123,160,118,109,88,94,83,38,74,95,146,53,55,105,118,121,89,83,101,115,61,96,115,104,77,35,70,118,136,95,104,129,173,89,28,76,84,62,74,70,93,122,123,100,39,119,125,158,105,113,107,127,103,101,16,55,80,93,90,104,92,106,139,101,136,143,63,79,17,32,71,95,38,42,25,41,140,85,76,67,61,67,98,103,96,56,119,134,133,139,103,54,66,98,119,109,35,80,80,65,82,66,57,59,55,58,49,7,97,62,72,88,99,54,96,45,52,93,80,36,89,129,63,47,71,116,67,106,94,127,116,62,72,71,98,121,129,101,67,42,47,85,54,142,72,121,115,58,57,96,67,69,79,119,92,70,100,106,127,91,82,61,68,82,69,107,97,97,42,113,8,53,54,54,55,67,86,81,80,30,98,21,80,57,47,97,71,72,77,81,51,57,73,69,88,78,78,87,69,75,101,140,90,80,67,76,71,78,46,56,70,76,84,119,66,77,66,98,50,61,101,63,70,69,101,60,75,31,58,66,57,50,57,68,58,83,108,39,45,84,90,93,85,85,78,79,99,60,58,68,15,21,51,65,89,61,74],
		[272,210,270,118,205,129,138,110,161,183,184,158,196,203,53,132,137,136,163,130,63,150,111,142,175,157,104,63,36,125,76,98,99,89,136,84,0,23,111,125,95,111,114,75,116,126,70,61,55,63,76,62,83,107,46,48,98,88,101,109,122,79,93,54,84,120,88,41,47,72,40,67,145,121,90,144,50,76,124,69,77,89,121,33,62,111,81,123,85,128,102,121,73,77,98,90,73,98,81,106,81,112,88,143,88,121,99,124,123,124,136,69,84,123,51,29,101,57,73,149,115,67,60,102,113,86,91,33,50,122,158,112,101,127,110,81,115,59,49,72,68,119,56,50,92,98,50,90,79,109,79,96,53,63,71,71,105,75,54,132,123,84,103,42,95,56,56,87,125,108,70,107,79,95,56,78,106,148,107,115,86,65,89,95,61,47,112,119,115,70,120,79,109,114,52,58,104,118,59,97,58,98,79,94,113,91,84,60,74,91,96,74,99,71,116,84,51,52,64,88,104,89,61,66,84,143,50,58,105,51,93,120,124,117,78,41,71,94,94,75,77,44,24,86,59,31,36,54,61,75,110,78,80,92,98,89,102,92,68,116,92,73,101,110,56,63,83,81,87,66,63,67,114,54,53,58,35,74,68,109,71,48,75,83,83,64,83,66,72,65,96,80,105,78,71,62,58,96,65,78],
		[147,135,140,141,196,13,22,122,103,67,68,105,143,87,76,62,84,85,47,90,40,69,35,66,45,72,80,86,59,56,88,110,122,112,93,44,23,0,88,80,104,81,106,81,132,71,77,80,78,86,68,85,106,130,61,53,103,111,91,57,51,66,80,69,70,91,80,64,70,95,63,90,65,74,99,102,73,69,94,88,100,104,113,56,85,125,68,7,62,105,118,111,81,83,95,70,72,46,68,93,104,58,80,110,72,105,93,121,111,72,86,61,76,115,63,6,78,69,82,79,103,44,75,105,111,90,95,56,73,127,107,89,78,104,22,59,66,82,70,79,84,48,73,73,74,70,27,67,79,93,51,83,30,40,82,94,71,42,53,46,87,93,66,65,72,61,33,70,102,111,93,62,95,72,54,76,83,128,91,99,101,88,86,88,83,46,127,92,90,83,26,58,97,101,37,35,100,106,55,93,75,95,102,81,105,36,85,37,63,83,92,83,81,52,97,98,74,72,71,74,90,78,60,88,65,107,55,75,65,39,40,77,73,81,76,64,94,100,86,90,100,57,47,108,82,54,59,75,38,76,122,56,58,72,95,103,102,88,45,99,74,91,105,81,64,57,105,69,73,83,48,66,40,68,30,37,58,90,45,88,56,45,52,82,87,41,61,49,80,83,81,88,61,57,48,39,57,95,86,99],
		[56,76,87,111,53,79,88,100,89,79,80,117,128,99,133,125,96,97,135,121,128,135,91,96,133,107,99,140,147,122,155,177,176,193,108,118,111,88,0,14,90,106,126,133,148,106,140,118,124,47,60,96,117,195,81,83,108,121,85,93,117,89,91,89,82,103,97,100,106,84,146,115,83,92,117,190,96,81,118,110,123,132,161,144,111,160,91,87,146,136,109,133,126,95,116,140,95,48,87,106,115,102,92,145,119,148,94,170,162,128,130,104,119,110,136,86,145,116,94,126,119,124,95,97,132,120,125,113,130,147,162,127,142,135,102,127,105,140,108,85,102,114,111,128,94,117,52,77,89,123,102,75,49,59,101,133,91,124,73,84,125,101,68,126,133,91,58,111,116,103,129,100,133,131,73,95,93,62,94,102,120,111,116,86,95,58,145,103,97,149,92,124,106,124,105,123,138,145,88,126,111,151,113,92,109,83,95,56,120,87,91,95,104,55,100,101,97,98,96,99,115,96,62,100,68,127,63,79,113,58,101,89,85,83,89,105,102,124,106,108,108,76,85,123,144,126,89,113,126,124,151,75,85,99,126,101,127,114,87,137,86,83,133,116,76,69,116,88,85,102,107,86,52,89,55,62,91,109,98,113,87,57,71,94,67,80,129,74,48,97,92,90,100,62,68,97,63,66,108,121],
		[42,62,101,125,67,93,102,86,103,93,94,115,114,107,95,106,102,103,137,64,114,149,45,104,147,112,64,105,159,110,102,124,141,132,94,50,125,80,14,0,76,92,116,119,138,120,101,103,41,33,46,74,95,160,71,51,94,107,71,79,105,103,77,77,96,109,83,86,85,98,108,101,83,92,117,156,82,78,94,96,109,121,104,127,125,150,105,75,136,79,123,75,115,109,111,105,109,34,73,92,89,112,106,126,105,138,80,132,148,113,93,67,82,96,117,74,92,75,91,133,71,106,83,111,117,72,77,78,95,137,161,141,107,78,71,113,91,153,94,71,68,100,83,100,84,103,66,63,75,99,57,89,63,73,103,57,81,92,63,70,111,87,54,136,146,59,65,102,118,117,99,86,119,88,87,91,79,48,80,88,55,97,92,97,109,72,131,82,101,137,79,107,92,117,86,115,73,87,102,117,95,135,91,78,95,69,81,70,106,73,57,92,90,41,86,87,83,83,95,85,101,75,48,70,54,113,49,65,99,72,96,96,99,69,75,91,106,82,96,77,93,90,87,109,140,107,103,85,96,71,128,80,89,91,101,96,141,100,73,105,72,87,111,81,50,57,99,102,78,73,49,74,66,63,68,75,76,105,84,126,57,71,59,99,53,66,110,86,34,83,78,76,86,48,54,65,49,52,94,107],
