{
	"numFacilities":5,
	"costs": [
		[0,49,120,77,108,138,175,215,110,150,21,101,142,74,76,171,18,57,40,96,121,79,170,267,336,356,392,166,94,133,138,224,273,292,70,83,176,152,85,56,105,190,171,118,107,137,208,292,36,100,114,128,118,136,71,86,128,168,84,107,78,112,84,30,38,39,98,17,106,163,166,129,70,102,127,116,83,165,70,33,61,66,21,44,120,114,84,44,45,28,57,122,26,41,62,64,91,18,29,47,54,37,137,77,79,98,130,61,68,86,92,86,42,104,118,88,39,44,36,46,70,57,137,51,76,97,65,70,28,95,60,86,29,65,123,63,97,63,51,95,100,49,68,20,57,76,40,115,129,106,72,64,116,104,70,105,77,142,94,14,85,77,4,39,93,44,36,92,30,21,67,118,22,77,40,93,23,83,88,49,75,40,79,53,58,82,45,111,41,74,93,178,40,57,89,44,90,71,89,88,52,69,60,115,37,65,84,62,95,108,37,36,54,84,50,67,99,38,65,40,121,38,50,61,107,43,31,20,51,88,69,80,64,53,55,53,105,69,64,91,92,45,13,40,48,23,58,77,83,74,87,63,58,52,68,50,52,77,75,53,71,72,72,61,86,54,69,126,49,77,48,59,75,68,27,32,38,52,16,29,60,86,98,95,55,55,63,61,47,77,90,23,84,69,56,57,69,88,47,51],
		[49,0,71,126,157,187,224,264,159,199,43,123,96,112,101,196,52,91,89,145,170,96,55,152,221,135,171,91,50,89,94,180,229,248,104,117,210,83,85,105,68,75,62,76,124,93,164,143,85,149,163,84,140,170,120,135,74,52,57,154,120,154,101,52,60,25,100,66,70,127,130,87,45,77,102,165,132,165,119,55,83,88,70,93,60,98,101,93,94,77,106,89,75,90,111,110,90,67,78,59,66,71,89,126,79,128,96,95,37,55,83,135,37,99,124,120,61,66,85,95,99,82,112,100,119,89,73,39,63,90,11,108,51,60,91,58,92,97,85,142,124,98,105,66,106,56,26,45,119,82,121,113,115,126,104,126,28,98,125,63,97,98,53,88,95,66,58,74,62,70,65,105,39,46,62,115,55,56,61,60,86,74,99,87,107,99,67,99,90,123,142,103,62,79,127,51,99,105,64,95,74,118,109,98,86,105,130,73,68,81,63,43,61,98,85,101,106,45,72,74,94,87,68,81,127,69,80,67,70,106,80,31,110,65,66,102,100,104,96,105,68,79,51,78,86,69,94,85,111,81,103,84,68,57,73,72,101,99,124,75,93,107,23,95,93,89,106,138,82,79,97,85,87,41,74,79,84,98,65,78,83,129,74,70,92,70,49,88,58,84,97,40,75,84,63,68,116,114,33,92],
		[120,71,0,83,114,144,152,117,116,156,114,194,65,81,129,224,67,90,60,116,127,86,126,223,292,206,242,162,100,139,144,230,279,298,119,132,225,149,151,176,118,144,79,93,114,143,214,214,156,150,154,124,148,178,91,106,145,91,91,127,84,118,91,123,131,94,169,137,110,167,170,104,116,67,92,187,195,234,126,126,154,159,103,126,82,120,118,111,112,148,177,143,85,111,143,78,51,75,86,52,59,86,158,52,54,103,136,58,72,90,103,61,108,78,117,94,116,89,110,120,118,122,102,86,82,102,95,74,85,124,82,141,102,131,112,108,159,117,80,91,74,131,93,81,100,101,95,90,154,117,96,120,76,126,119,154,81,148,114,101,114,115,81,116,68,65,98,81,82,91,96,111,79,81,132,148,80,89,94,63,89,89,139,102,105,79,66,151,93,105,105,174,90,84,88,96,116,120,102,109,85,69,111,101,94,108,73,50,102,115,118,98,75,104,107,96,120,100,127,75,147,120,71,102,148,92,151,90,121,97,57,102,132,58,60,98,117,114,87,98,103,113,78,58,66,84,69,60,98,99,121,84,94,104,88,135,129,101,75,110,92,96,94,84,72,111,83,98,84,8,73,88,24,92,104,92,112,118,20,7,38,90,113,92,74,76,114,91,92,82,95,80,82,77,82,65,110,118,99,158],
		[77,126,83,0,31,61,98,138,33,73,98,178,41,57,105,91,57,96,108,164,44,62,153,12,81,101,50,30,17,56,61,147,196,215,109,122,215,154,156,133,35,75,85,99,90,37,108,109,113,67,66,51,108,138,134,101,87,19,24,98,1,35,51,107,115,24,99,94,43,30,33,40,31,18,43,138,109,165,95,110,138,28,58,81,27,65,124,70,71,97,82,100,103,78,110,22,49,73,68,26,33,68,89,135,71,85,81,92,25,43,95,144,41,48,68,11,16,11,32,42,66,70,53,47,35,76,40,27,60,57,67,115,77,64,58,30,76,55,54,73,49,68,44,71,30,40,25,108,98,70,147,90,74,60,65,100,34,65,92,60,50,51,70,69,69,73,56,56,57,59,13,80,43,34,85,73,78,6,11,84,93,71,13,92,66,66,74,67,103,92,103,134,60,77,71,37,71,36,50,81,19,81,56,65,57,55,42,59,35,48,58,47,50,64,75,70,92,23,50,22,100,75,81,59,19,14,58,12,71,60,39,45,76,32,33,71,101,90,42,44,53,64,76,65,63,74,82,77,79,67,82,62,46,20,36,59,99,57,87,45,64,76,46,1,60,79,19,91,68,91,67,30,54,46,62,67,72,69,49,62,61,31,60,37,47,49,48,55,65,70,67,44,57,51,41,60,65,71,16,75],
		[108,157,114,31,0,30,67,60,2,42,101,181,72,88,136,122,88,127,139,195,13,69,160,43,112,132,81,61,48,87,92,178,156,175,140,153,246,185,187,164,66,106,116,124,97,68,109,140,144,36,50,82,139,169,88,103,118,50,55,129,32,66,74,110,118,55,88,125,12,61,64,71,45,49,74,169,140,196,26,49,77,59,89,80,58,96,155,101,102,128,113,86,134,105,116,53,80,48,37,55,62,99,120,166,102,116,73,123,56,74,115,164,72,79,99,42,47,42,63,73,93,52,84,78,66,78,71,35,58,88,98,102,32,87,89,61,45,24,83,104,80,99,75,69,61,71,56,139,71,101,178,63,58,91,96,112,54,96,88,29,66,67,39,74,84,81,25,81,82,88,44,111,52,42,93,42,53,37,42,68,94,92,44,107,97,86,82,98,80,61,97,153,29,46,55,51,100,67,60,91,50,79,87,96,67,48,73,81,66,52,79,78,81,74,80,99,102,54,73,46,120,97,76,90,50,45,77,43,102,91,33,59,107,61,63,101,70,60,73,75,53,64,74,96,56,72,78,92,110,79,90,93,66,51,57,90,79,88,85,14,33,58,77,32,91,84,50,107,80,111,63,28,83,54,62,67,87,100,51,64,85,62,74,68,78,66,79,86,36,43,56,53,82,80,72,46,76,102,47,106],
		[138,187,144,61,30,0,37,77,32,72,123,120,102,118,166,152,118,157,100,156,43,86,177,73,142,162,111,78,78,91,96,182,186,205,159,172,265,163,165,68,96,136,146,154,114,95,139,92,70,6,20,63,120,150,118,79,121,80,85,159,62,96,71,132,77,85,110,154,42,79,76,89,75,79,104,199,170,226,56,79,90,78,108,110,88,126,185,131,132,158,143,103,164,75,74,76,103,78,7,25,32,121,132,196,132,119,43,95,86,104,131,181,70,54,95,72,77,72,93,103,123,82,114,108,85,48,74,65,80,118,94,127,62,93,70,91,15,54,53,110,110,117,45,99,91,53,60,143,101,131,193,93,28,78,109,142,81,126,118,59,83,84,69,81,54,111,55,71,72,81,73,130,72,72,65,12,35,67,52,38,64,93,41,137,70,56,76,110,110,91,86,181,59,76,25,81,121,97,30,61,28,90,63,100,97,56,96,51,83,82,96,76,94,104,101,69,72,78,103,76,147,107,46,77,66,75,99,73,85,85,58,89,98,31,33,71,100,30,94,64,71,82,104,56,48,102,95,84,99,49,71,73,36,21,37,75,109,77,96,44,63,88,55,62,64,89,74,124,50,131,79,39,53,65,68,73,93,70,81,94,115,80,71,85,75,36,66,107,66,73,86,60,72,50,55,76,83,91,77,136],
		[175,224,152,98,67,37,0,40,69,109,160,157,139,155,203,84,129,122,92,148,80,57,148,110,179,199,148,35,69,108,113,108,91,110,135,148,116,189,191,105,52,137,118,132,85,112,124,57,106,43,57,97,154,184,123,116,158,117,56,62,64,98,62,154,114,122,147,191,79,49,52,59,73,66,68,163,171,227,88,111,127,115,140,138,125,163,106,146,123,151,180,66,162,111,111,109,136,115,44,58,65,120,149,200,169,156,80,118,123,141,114,152,77,17,58,74,96,101,89,99,123,119,95,102,73,85,111,97,117,89,103,161,99,100,104,85,52,88,62,119,134,87,49,123,127,57,64,147,138,168,230,130,65,98,71,106,85,117,144,96,46,47,106,115,74,40,89,75,76,85,105,133,79,104,102,49,72,104,89,75,101,80,78,142,107,79,39,86,140,96,49,144,93,99,62,79,109,72,67,84,53,115,67,71,82,78,129,45,67,80,59,60,78,93,104,78,95,62,89,74,140,72,83,114,103,99,124,102,116,119,44,87,80,64,66,87,137,67,105,49,58,69,83,84,85,126,58,81,93,86,108,59,69,58,74,111,118,62,121,81,67,86,80,78,27,66,75,87,87,153,113,61,75,87,94,67,87,74,58,71,100,102,94,69,69,71,70,87,76,108,121,69,76,67,72,63,113,128,91,150],
		[215,264,117,138,60,77,40,0,58,98,157,44,62,38,86,35,80,119,132,107,61,43,134,103,172,192,68,75,108,145,122,148,131,150,83,96,63,136,138,89,32,117,98,112,71,128,164,97,94,83,97,137,61,91,120,122,41,33,28,102,92,126,48,140,61,60,131,120,68,89,92,16,30,46,71,166,174,207,39,62,90,102,120,140,41,79,137,68,69,121,67,26,122,99,95,81,76,100,84,30,37,99,131,169,33,82,95,123,91,109,84,89,38,57,91,67,66,61,82,62,75,79,81,53,78,80,54,48,64,61,64,68,92,61,63,70,92,74,58,111,120,44,69,89,115,29,36,119,131,128,117,88,101,58,107,142,57,61,88,77,6,7,87,74,72,39,40,47,48,57,66,139,40,55,106,89,44,46,44,80,82,66,86,115,91,111,40,93,105,109,89,133,44,61,102,36,80,108,49,80,42,104,87,111,85,98,90,67,39,52,19,20,38,101,75,74,91,22,49,51,92,112,85,116,110,64,104,62,95,78,74,44,91,36,38,69,121,71,66,55,98,109,84,37,45,53,18,39,96,66,81,58,45,65,67,102,129,68,110,62,66,91,69,72,57,51,63,47,67,125,72,53,58,47,54,59,79,46,44,57,60,87,59,28,41,43,59,59,51,69,81,29,48,27,32,61,85,134,61,120],
		[110,159,116,33,2,32,69,58,0,30,89,102,74,90,138,93,90,129,132,99,11,53,144,45,114,134,83,63,50,89,94,177,158,144,141,88,121,187,189,100,68,108,118,27,81,70,111,124,102,38,52,58,115,145,90,105,99,52,57,131,34,68,58,98,106,57,86,99,10,63,66,38,33,51,76,171,142,198,28,51,79,61,91,82,60,98,157,103,80,130,115,84,136,107,106,55,82,50,39,57,64,92,122,168,91,118,75,116,58,76,117,147,74,81,101,44,49,44,65,75,95,50,86,80,68,80,73,37,60,90,100,104,34,89,65,63,47,22,85,106,82,66,77,71,63,51,46,129,73,99,80,61,60,93,98,114,52,98,86,27,48,49,37,72,86,83,27,69,70,79,46,113,54,44,95,44,48,39,44,70,96,76,46,109,99,88,84,100,78,59,99,155,31,48,57,39,50,69,52,83,52,81,89,98,69,46,75,83,68,40,61,62,80,72,82,101,94,56,75,44,118,99,78,92,52,47,65,45,104,80,31,47,109,63,65,103,51,59,58,65,51,62,72,88,54,74,76,83,112,69,91,85,68,53,55,90,77,78,87,12,31,56,79,34,83,86,52,89,70,113,61,26,85,52,60,65,85,88,49,62,87,64,62,50,80,58,69,88,38,41,54,55,70,82,74,48,78,104,49,108],
		[150,199,156,73,42,72,109,98,30,0,59,132,104,120,168,123,55,94,124,49,41,83,124,22,91,111,113,83,80,119,124,207,79,98,107,98,151,189,128,130,98,138,87,37,103,100,70,154,132,68,82,68,125,155,120,135,129,82,87,161,33,67,38,68,76,77,116,109,20,77,80,17,3,28,50,145,119,201,58,71,99,91,113,99,90,128,126,133,110,100,77,114,166,124,136,85,112,80,69,74,81,74,152,149,121,148,105,98,88,106,130,158,104,101,78,43,65,62,83,93,115,80,63,77,91,110,103,52,79,120,130,124,64,119,75,69,77,52,88,105,102,45,70,69,93,30,16,99,103,129,110,91,90,98,107,142,58,128,96,57,27,28,67,86,95,82,57,48,49,58,76,130,84,59,78,74,58,69,74,86,83,77,23,90,76,118,83,114,108,89,129,144,61,78,87,9,58,46,22,53,70,111,88,109,64,76,105,99,23,10,40,41,59,82,76,104,64,43,70,36,47,110,69,69,29,65,35,63,114,70,41,17,101,80,82,80,28,36,66,45,81,92,53,80,84,65,100,113,100,39,61,64,66,30,46,60,102,58,117,42,61,86,97,57,113,80,51,68,40,114,84,56,102,68,87,72,92,67,79,92,65,94,32,25,98,28,39,80,68,42,55,57,49,99,61,78,75,130,79,138],
		[21,43,114,98,101,123,160,157,89,59,0,80,121,95,97,182,39,78,61,108,100,100,98,81,150,170,148,128,68,107,112,198,138,157,87,100,193,65,67,77,86,118,31,45,128,111,129,186,57,121,135,76,97,127,49,64,67,45,50,128,54,88,97,9,17,18,93,12,62,119,122,56,62,69,94,137,78,160,35,12,40,45,16,39,53,91,70,43,44,49,48,82,47,62,83,85,59,13,24,42,49,58,132,98,100,119,107,82,47,65,71,107,63,125,117,40,18,23,31,41,56,60,104,46,71,58,60,44,20,83,54,32,8,63,83,42,118,58,70,90,107,44,63,41,78,69,19,88,108,92,93,63,84,83,77,112,56,116,115,35,66,67,25,60,64,23,15,71,19,28,74,74,17,51,19,72,12,58,63,70,86,61,82,68,79,103,24,90,62,95,106,146,19,36,96,65,68,78,71,67,31,64,55,104,32,60,101,69,61,69,58,57,75,97,42,72,78,59,86,35,100,33,45,40,86,26,26,15,72,98,73,74,85,48,50,48,69,61,54,104,87,40,8,35,43,44,79,56,100,55,66,42,52,47,63,29,71,56,70,32,50,64,58,56,93,46,72,107,56,98,69,42,70,63,48,50,33,47,37,50,60,84,77,63,50,34,42,81,26,61,74,18,72,64,69,36,64,71,26,72],
		[101,123,194,178,181,120,157,44,102,132,80,0,41,26,74,79,91,130,105,151,105,31,122,147,80,100,78,76,110,133,110,48,97,64,39,52,107,121,123,77,20,105,86,100,59,122,149,89,123,118,99,74,17,47,86,93,85,21,16,113,62,87,36,89,97,29,40,84,101,122,125,60,41,34,59,154,158,91,83,92,120,125,88,111,29,67,125,56,57,120,111,70,121,106,83,69,55,79,90,18,25,110,119,169,77,93,83,58,72,90,128,126,45,94,84,55,77,45,66,76,63,67,69,81,78,68,42,74,74,49,71,24,48,68,78,26,92,62,46,103,81,87,57,105,107,35,28,108,94,116,73,76,80,88,99,134,63,105,132,108,50,51,105,89,74,79,55,53,54,63,73,106,47,81,99,132,84,34,39,90,88,54,74,105,79,79,80,74,108,99,97,89,59,76,92,47,96,100,60,51,30,92,69,107,73,80,89,61,27,40,63,51,61,134,96,62,62,51,78,42,129,104,73,68,114,48,98,46,93,93,68,55,79,24,26,64,116,59,65,43,91,102,88,80,72,97,62,83,52,77,99,78,74,53,69,90,117,56,98,72,66,91,57,63,45,84,67,91,78,141,66,38,46,64,98,74,94,82,32,45,76,97,61,29,81,66,51,47,66,73,69,48,54,34,39,76,76,105,37,96],
		[142,96,65,41,72,102,139,62,74,104,121,41,0,16,64,97,98,127,125,85,85,21,112,8,77,97,91,69,58,97,100,89,138,105,80,89,94,123,125,42,16,101,42,56,26,78,149,83,90,104,66,87,58,88,127,102,101,26,20,117,19,53,26,118,123,53,81,98,73,71,74,67,27,2,27,122,130,132,98,121,146,69,99,122,34,72,81,46,47,110,123,88,114,95,48,41,14,38,49,22,29,109,115,105,95,93,88,85,66,84,136,114,41,87,52,29,51,52,73,50,53,57,37,82,76,69,47,58,48,53,67,51,63,64,94,55,96,52,50,91,76,95,47,112,71,55,40,67,123,106,114,66,39,89,83,118,68,106,122,98,68,69,108,98,72,38,61,73,74,83,54,85,42,65,116,114,43,39,44,49,75,44,9,107,40,67,39,103,84,89,49,111,65,69,51,33,79,32,37,68,20,82,65,71,41,76,61,62,31,44,53,47,57,105,70,66,79,38,65,10,106,98,57,55,15,55,99,53,83,56,53,41,84,28,30,68,80,49,41,33,81,92,83,99,80,89,80,81,93,63,85,46,56,16,32,79,107,46,88,45,64,75,47,31,41,74,37,109,64,73,68,31,50,57,84,54,74,72,22,35,66,72,56,33,86,43,63,51,51,66,74,43,74,24,29,61,49,90,57,116],
		[74,112,81,57,88,118,155,38,90,120,95,26,16,0,48,73,92,83,113,101,61,5,96,24,93,113,104,85,74,89,84,74,123,90,65,73,101,91,93,58,14,99,58,72,33,93,164,99,97,112,73,100,43,73,112,118,79,15,10,107,35,69,10,102,99,42,66,62,89,87,90,54,43,18,43,138,146,117,77,81,74,85,66,89,23,61,70,30,31,94,105,9,98,101,64,57,30,54,65,12,19,59,113,121,71,109,77,83,82,100,46,100,39,95,68,29,51,12,33,43,37,41,53,48,72,62,36,74,64,43,65,50,74,62,101,31,94,36,40,92,92,82,8,72,87,16,23,83,99,67,99,50,55,96,66,101,44,99,53,74,44,45,78,75,33,22,70,34,35,44,67,101,41,81,112,36,59,28,33,65,69,28,25,123,56,83,23,79,88,73,65,115,52,69,7,49,63,48,35,66,4,66,26,79,57,60,77,55,21,34,57,45,55,121,86,56,77,45,72,26,110,83,64,71,31,15,81,13,67,72,62,57,73,18,20,58,96,33,43,17,65,76,66,75,64,75,56,42,78,79,101,41,51,27,43,84,91,30,72,61,49,74,31,47,35,34,46,85,71,89,84,15,40,41,86,49,69,33,6,19,50,76,72,23,48,41,29,41,35,67,63,12,35,8,13,45,65,106,50,109],
		[76,101,129,105,136,166,203,86,138,168,97,74,64,48,0,95,94,131,116,149,109,53,144,72,141,161,132,133,95,59,64,122,171,138,113,121,149,128,130,106,62,147,106,120,81,63,134,147,112,160,121,129,91,121,84,99,127,63,58,155,83,117,58,106,114,90,78,34,115,135,138,102,91,66,91,140,100,165,99,109,118,130,38,61,71,109,78,78,79,104,133,57,50,81,112,105,78,35,46,60,67,107,100,153,119,138,125,131,82,100,94,148,87,143,116,77,99,60,53,63,85,89,101,68,93,110,82,84,45,91,112,98,105,110,136,79,142,84,78,112,129,66,56,96,133,64,71,90,147,115,147,98,103,142,107,142,73,143,101,90,92,93,73,95,81,70,58,82,83,92,115,71,39,91,85,84,40,76,81,105,108,73,73,103,104,69,71,127,114,121,113,163,62,79,55,97,107,96,83,114,52,86,74,68,54,75,125,91,53,66,95,93,103,106,67,94,125,93,109,74,139,55,67,98,79,63,107,37,91,120,98,105,121,66,68,70,122,81,81,65,113,109,38,65,73,99,103,90,126,127,149,85,75,69,85,62,104,78,92,99,94,89,79,95,83,71,94,133,101,137,90,63,88,82,96,93,55,69,54,67,98,99,120,55,72,74,77,89,69,115,109,40,83,56,61,79,86,111,98,127],
		[171,196,224,91,122,152,84,35,93,123,182,79,97,73,95,0,45,10,40,48,96,78,123,97,159,179,103,50,84,123,128,127,166,143,97,110,46,119,121,124,67,152,130,30,102,127,193,80,59,118,132,61,96,126,71,86,24,68,63,51,79,113,83,12,20,72,119,129,47,104,107,41,55,81,83,178,186,97,4,27,55,67,97,120,76,86,136,103,104,156,98,9,105,64,96,98,103,14,25,43,50,64,9,73,68,117,60,61,50,37,74,82,73,68,74,89,31,36,57,43,67,71,110,53,62,93,89,13,23,29,77,80,104,96,68,55,74,108,71,34,51,69,64,54,77,54,61,111,101,64,141,123,128,93,90,125,59,79,94,79,41,42,59,79,56,22,5,58,22,31,77,119,18,20,22,32,9,69,27,75,70,67,61,80,95,82,23,103,86,119,64,159,9,26,80,61,53,91,61,66,44,106,71,86,33,93,104,30,74,87,54,55,52,66,45,75,77,57,84,50,57,85,83,43,89,39,69,32,43,80,37,69,87,49,51,87,54,59,61,64,73,84,67,42,50,57,53,42,78,66,88,41,51,41,57,32,74,59,112,97,46,67,59,71,57,34,46,82,67,91,77,55,71,29,48,49,50,64,71,84,95,102,76,53,6,8,63,94,16,84,97,12,59,10,15,26,54,74,80,139],
		[18,52,67,57,88,118,129,80,90,55,39,91,98,92,94,45,0,39,50,93,55,97,107,69,138,158,107,87,70,109,114,139,134,77,52,65,91,104,103,74,88,127,70,75,124,94,125,125,54,30,44,87,108,40,54,69,69,54,59,87,58,92,93,48,56,27,102,35,75,85,88,66,52,30,55,134,101,142,49,45,73,84,39,62,62,100,102,62,63,38,75,54,44,59,80,79,71,36,29,47,54,19,54,70,68,106,67,43,57,75,110,79,60,105,80,68,57,62,54,64,88,75,65,69,67,72,75,58,46,74,63,71,47,83,94,81,45,81,33,79,96,67,75,14,72,54,28,46,117,102,90,82,41,91,52,87,63,118,104,24,76,77,14,49,78,62,50,72,48,39,70,113,33,65,58,77,41,63,68,31,57,22,70,35,76,64,63,122,55,88,100,82,54,59,49,58,98,53,54,85,52,30,78,118,55,83,99,44,70,65,55,54,45,94,68,49,96,56,24,22,102,55,39,70,76,53,49,38,69,106,51,66,82,53,55,70,83,60,69,100,95,63,31,58,66,17,52,74,65,73,95,74,58,59,69,68,62,76,36,56,75,90,75,43,68,72,54,117,31,59,58,63,75,74,37,42,56,70,26,39,70,88,81,72,43,45,51,75,61,85,85,34,62,55,48,70,77,81,35,69],
		[57,91,90,96,127,157,122,119,129,94,78,130,127,83,131,10,39,0,30,58,94,88,93,107,169,189,113,48,82,121,126,137,173,116,91,104,56,129,131,113,77,162,97,40,112,125,77,78,69,69,83,71,106,79,61,76,34,78,73,61,77,111,93,22,30,66,129,74,57,114,117,51,65,69,81,173,71,107,14,37,65,77,78,101,86,96,136,101,102,77,108,19,83,43,75,77,104,24,35,53,60,58,7,71,73,100,58,71,60,35,84,73,83,66,84,87,41,46,43,33,57,61,104,48,72,103,99,23,33,27,87,90,86,106,78,65,84,118,72,32,49,79,62,53,75,64,67,85,99,62,129,121,80,103,91,126,69,89,84,63,51,52,53,85,66,32,15,56,32,41,85,123,28,30,32,42,19,72,37,70,68,61,61,74,90,92,33,113,94,124,74,121,19,36,82,71,63,92,71,76,54,69,67,96,43,103,97,28,84,97,64,65,50,74,55,85,87,67,63,60,67,83,78,53,99,49,79,39,33,70,35,79,97,59,61,97,64,69,61,62,71,82,70,52,60,56,63,52,76,64,86,51,61,51,67,42,84,69,75,95,44,69,57,81,67,44,56,92,65,98,87,46,81,27,58,59,60,74,65,78,105,112,86,63,4,6,61,102,26,94,107,22,57,20,25,36,56,84,74,108],
		[40,89,60,108,139,100,92,132,132,124,61,105,125,113,116,40,50,30,0,56,105,97,123,119,185,81,87,78,112,151,86,153,183,127,102,114,86,126,125,96,107,164,92,70,110,128,107,89,76,80,94,101,88,74,31,46,64,104,103,67,107,141,102,52,60,77,138,57,87,116,85,81,95,80,105,156,101,137,44,67,95,106,61,84,112,126,124,84,85,60,97,49,66,51,83,85,111,54,65,83,90,69,37,101,85,108,88,93,90,65,114,103,82,96,114,101,71,76,73,63,87,91,115,78,78,119,105,53,63,57,100,93,69,105,108,95,95,103,81,62,79,89,71,60,97,79,78,96,129,92,112,104,91,97,102,137,99,81,54,46,81,82,36,71,96,62,45,86,62,61,107,135,58,60,62,72,49,102,67,81,98,72,91,50,98,91,63,113,77,110,80,116,32,36,99,80,93,103,84,106,75,80,89,90,73,97,105,58,114,115,77,76,60,44,55,85,117,63,74,72,97,78,65,83,126,75,71,60,61,98,65,109,104,89,91,89,94,99,91,92,101,85,53,73,81,63,93,82,106,94,116,81,86,81,97,72,84,99,86,93,74,99,87,93,97,59,86,122,81,68,80,76,84,57,59,64,78,92,48,61,92,106,75,93,34,36,91,97,56,113,126,52,87,50,55,66,86,58,85,91],
		[96,145,116,164,195,156,148,107,99,49,108,151,85,101,149,48,93,58,56,0,88,82,151,65,134,137,59,93,127,166,142,174,128,147,145,147,94,167,169,127,97,182,127,60,54,144,60,128,107,117,94,91,143,130,87,102,72,111,101,99,76,110,87,42,50,118,165,31,69,126,129,60,46,71,96,191,129,145,52,75,77,89,35,58,119,116,166,113,93,116,126,57,122,83,115,85,99,32,43,61,68,112,57,121,116,140,108,91,80,85,104,130,121,111,121,86,79,29,50,60,84,88,106,65,90,111,79,61,42,77,107,128,113,128,98,48,122,101,89,82,99,63,75,102,125,73,59,139,116,112,159,112,99,49,83,118,89,127,110,102,70,71,92,92,100,56,53,91,52,61,107,141,36,68,52,62,37,99,75,109,105,105,66,106,107,112,57,96,116,100,112,172,57,74,99,52,83,84,65,96,37,83,74,134,51,79,105,78,72,59,83,84,100,100,64,94,107,86,106,79,96,52,64,73,72,32,68,28,91,113,85,60,135,67,69,67,77,83,60,94,116,106,35,62,70,105,100,89,108,82,104,75,72,66,82,62,104,89,89,89,83,86,64,100,105,68,90,111,83,124,107,48,89,74,96,83,52,66,83,96,114,78,75,72,54,56,82,123,64,85,98,37,92,58,63,74,83,104,125,147],
		[121,170,127,44,13,43,80,61,11,41,100,105,85,61,109,96,55,94,105,88,0,56,147,56,125,145,94,48,61,100,105,135,120,132,107,99,124,152,86,111,75,119,119,38,84,81,111,110,109,49,63,69,104,95,101,116,79,63,68,98,45,79,61,103,111,68,80,90,21,74,77,49,44,41,66,161,153,178,39,56,84,72,94,93,71,109,131,91,91,93,118,70,50,91,117,66,91,61,50,68,75,31,101,125,94,129,86,55,69,87,107,134,85,66,91,55,60,55,76,86,43,39,76,91,79,91,84,48,71,101,111,86,25,80,76,74,58,33,78,117,93,77,62,69,74,61,57,101,84,88,91,27,71,104,64,99,63,109,97,16,59,60,26,61,87,83,32,79,80,75,57,124,65,55,106,55,59,50,55,81,107,34,57,90,6,72,84,111,67,70,110,137,36,35,68,50,61,65,63,94,63,41,80,109,80,57,86,94,64,51,72,72,90,83,93,94,105,67,35,33,88,67,79,103,63,58,76,56,101,91,19,58,113,74,76,82,62,70,69,62,62,73,83,98,65,72,79,94,120,72,83,85,79,60,66,101,74,75,47,1,20,45,90,45,86,95,63,100,43,111,50,15,79,41,49,54,74,87,38,51,82,75,73,61,91,69,80,87,43,30,43,66,80,69,59,53,88,115,60,119],
		[79,96,86,62,69,86,57,43,53,83,100,31,21,5,53,78,97,88,97,82,56,0,91,29,98,118,42,40,74,94,89,79,128,95,70,69,106,96,98,63,19,75,63,77,28,98,142,96,92,91,68,105,48,78,117,123,84,20,15,83,34,53,5,90,98,47,71,67,63,92,95,59,48,23,48,143,40,122,81,86,58,70,71,94,28,66,75,35,36,99,53,14,103,97,69,62,35,59,70,17,24,26,87,76,76,114,82,50,64,82,51,85,44,58,73,24,46,17,38,48,42,46,58,53,74,67,41,66,69,48,70,55,79,67,106,36,43,31,45,91,45,51,13,76,71,21,28,88,104,72,104,55,60,52,59,57,49,104,58,41,49,50,13,48,38,27,75,39,40,49,72,11,46,73,100,41,64,33,38,70,52,13,30,128,61,71,28,84,54,68,70,120,57,74,12,54,68,53,30,61,9,71,31,84,62,55,82,60,26,33,62,50,46,119,91,61,72,50,77,31,115,62,69,76,36,20,86,18,72,77,49,62,78,23,25,63,36,28,48,12,60,71,71,67,59,79,61,47,83,76,98,46,49,32,48,83,61,25,77,57,54,79,36,52,30,39,51,90,38,94,30,20,45,46,36,41,61,38,1,14,45,61,71,28,53,36,34,46,40,72,68,17,40,13,18,50,70,111,55,114],
		[170,55,126,153,160,177,148,134,144,124,98,122,112,96,144,123,107,93,123,151,147,91,0,97,166,99,109,131,105,144,149,170,203,184,99,112,112,138,140,153,73,17,7,21,119,148,130,132,64,128,142,52,109,139,147,162,29,104,77,116,108,142,87,107,82,78,153,110,38,93,78,32,46,78,48,41,49,107,107,110,138,143,114,137,112,142,46,86,87,37,114,44,130,69,101,99,35,59,70,79,86,104,31,79,81,126,35,87,92,59,28,88,70,132,9,82,104,77,98,100,124,128,75,56,81,34,60,63,69,51,44,114,30,85,59,91,125,120,107,78,95,37,62,121,85,45,52,100,123,86,163,106,60,110,123,148,73,76,103,92,21,22,61,70,40,48,37,63,64,73,98,50,63,70,117,132,42,31,26,70,92,52,38,115,88,88,49,44,102,132,112,156,41,58,72,52,44,98,58,89,66,99,80,61,62,68,119,83,71,72,8,9,27,74,85,104,100,11,38,40,136,107,78,86,104,52,118,78,79,64,59,60,92,85,87,84,45,53,52,94,63,74,93,83,76,52,87,77,56,41,63,29,34,47,63,110,109,107,105,54,55,80,56,61,98,69,81,62,42,123,68,68,107,51,60,37,57,61,60,73,49,92,75,44,34,36,75,90,48,74,87,47,64,45,29,58,77,121,50,109],
		[267,152,223,12,43,73,110,103,45,22,81,147,8,24,72,97,69,107,119,65,56,29,97,0,69,89,62,40,29,68,73,97,101,51,76,68,102,72,74,50,20,66,50,59,30,49,92,87,94,79,70,63,66,96,123,110,99,31,24,108,11,45,34,90,98,36,89,43,42,42,45,33,19,6,31,126,69,140,69,92,55,40,47,70,39,77,89,54,55,107,82,33,106,90,56,34,22,44,55,26,33,55,80,105,83,59,4,56,37,55,27,87,45,58,56,21,28,23,44,54,61,65,41,59,47,76,52,39,54,57,71,59,67,68,70,42,72,60,54,61,61,61,32,83,42,40,32,75,110,82,122,74,47,72,25,60,46,77,77,70,43,44,42,77,57,46,67,58,59,68,25,40,47,46,68,17,40,18,13,57,81,42,1,99,48,75,47,79,83,97,57,119,55,53,31,25,74,24,38,69,28,90,50,60,45,67,54,70,35,32,56,51,61,76,76,70,80,35,62,14,69,64,65,47,7,26,57,24,83,48,49,33,88,32,34,72,50,57,45,41,32,43,47,74,75,81,80,66,89,10,32,50,49,8,24,71,90,54,96,53,72,79,55,13,45,58,29,84,11,81,59,39,54,58,29,34,54,57,30,43,73,43,48,37,58,44,53,55,55,58,65,36,59,32,37,65,53,83,28,87],
		[336,221,292,81,112,142,179,172,114,91,150,80,77,93,141,159,138,169,185,134,125,98,166,69,0,20,56,90,98,137,142,128,170,120,119,132,171,141,143,119,89,109,119,128,99,118,127,86,154,148,139,132,97,127,166,173,165,100,93,113,80,114,103,159,167,105,120,112,111,111,114,102,88,75,68,163,138,171,138,161,124,109,116,139,108,61,156,123,124,176,151,102,175,159,125,103,91,73,84,95,102,124,123,172,152,128,73,125,106,124,96,156,114,108,125,84,97,92,113,123,130,134,95,128,116,145,121,108,83,126,140,104,128,137,139,106,141,129,123,130,130,130,72,146,86,62,69,144,140,151,153,143,116,66,94,129,90,146,146,139,112,113,111,146,97,73,96,80,81,90,94,109,77,115,77,86,78,87,82,106,80,109,70,168,108,144,74,148,145,117,94,86,100,117,100,94,143,93,60,29,76,138,90,85,54,92,123,119,104,101,125,120,130,57,68,98,40,79,106,83,138,101,113,71,76,44,110,93,139,117,99,102,157,101,103,116,119,124,114,104,101,112,116,86,94,149,142,111,132,79,101,87,97,77,93,87,94,114,132,113,100,125,103,82,114,72,98,153,80,150,128,87,123,113,98,95,105,96,99,112,117,75,39,78,126,66,92,124,99,127,78,71,81,101,97,96,42,107,97,156],
		[356,135,206,101,132,162,199,192,134,111,170,100,97,113,161,179,158,189,81,137,145,118,99,89,20,0,36,70,104,143,79,148,190,140,139,152,167,127,129,98,109,116,106,120,119,138,75,82,150,160,159,138,117,147,112,127,128,120,113,93,99,133,123,67,75,125,140,132,99,131,78,122,108,69,88,140,148,191,72,95,123,129,104,104,128,81,145,143,139,136,171,122,147,96,104,100,111,93,104,115,122,144,118,178,166,148,93,141,105,123,116,176,134,88,108,64,86,91,112,45,69,73,104,96,104,133,141,81,78,130,132,124,129,157,145,105,161,149,105,94,111,132,52,109,106,60,67,150,120,122,173,158,136,46,101,136,88,152,135,127,120,76,117,152,77,81,73,78,77,86,114,129,97,88,57,106,70,107,102,126,100,129,90,131,100,84,82,112,141,97,90,106,77,94,120,114,140,102,80,49,56,118,70,83,74,90,120,116,82,95,107,108,110,37,48,78,60,99,126,77,154,97,109,78,96,64,130,87,106,137,79,122,154,103,72,110,117,119,108,84,93,104,126,66,74,112,131,91,124,99,121,82,92,97,113,67,94,94,112,105,108,122,83,98,134,52,94,161,100,149,148,58,122,84,116,90,85,76,119,132,137,55,59,84,113,86,73,114,79,111,98,91,79,121,117,89,22,87,117,172],
		[392,171,242,50,81,111,148,68,83,113,148,78,91,104,132,103,107,113,87,59,94,42,109,62,56,36,0,30,64,103,108,121,163,113,112,59,131,134,136,105,61,117,105,110,70,87,111,118,125,117,110,98,90,120,118,133,109,62,57,125,38,57,47,101,94,74,113,90,93,80,83,84,81,65,63,150,82,164,107,128,100,78,63,86,70,103,104,77,78,141,70,56,144,111,111,72,77,91,102,59,66,68,112,118,61,110,66,92,75,93,89,127,86,48,89,28,50,55,76,81,84,88,90,91,85,101,83,77,97,90,112,97,110,109,105,74,46,73,87,95,35,41,16,90,61,24,31,114,84,114,146,97,60,10,65,99,52,112,100,83,74,75,55,90,41,69,106,42,43,52,63,53,88,84,93,79,94,56,61,70,77,55,63,119,100,88,70,117,96,61,108,142,99,77,54,87,110,66,72,85,20,82,34,108,77,43,92,76,68,75,70,71,36,73,84,103,96,73,100,72,118,80,78,109,69,58,108,56,83,110,39,95,120,65,67,95,78,61,86,44,53,64,94,65,51,93,76,55,124,72,94,60,70,62,78,103,103,57,76,77,96,120,47,51,72,69,56,115,73,136,72,31,87,57,78,68,88,40,43,56,82,19,86,70,74,76,37,78,43,75,88,59,43,55,60,53,58,121,66,125],
		[166,91,162,30,61,78,35,75,63,83,128,76,69,85,133,50,87,48,78,93,48,40,131,40,90,70,30,0,34,73,78,119,62,81,106,57,96,112,114,90,52,105,90,80,68,67,125,92,109,78,92,68,88,118,109,124,74,49,54,97,29,63,21,62,70,54,64,83,30,54,57,64,59,46,33,128,80,147,54,77,95,58,61,84,57,95,115,75,76,125,93,54,96,91,96,52,62,64,75,56,63,66,47,111,91,99,44,90,55,73,67,120,71,18,59,39,46,41,62,72,82,86,60,77,65,106,70,57,73,67,97,95,71,94,75,50,44,52,84,72,33,39,14,88,59,22,29,112,114,100,139,73,87,40,65,97,50,82,98,64,74,75,53,86,39,67,55,40,41,50,43,51,68,64,72,57,59,36,41,97,75,53,41,117,22,83,68,91,94,89,84,141,59,51,52,65,101,64,43,74,18,80,32,82,47,73,72,16,65,49,60,61,34,92,95,100,85,44,71,52,107,78,90,85,47,44,88,42,81,20,9,73,106,62,63,90,76,59,72,14,23,34,66,89,81,91,93,85,64,50,72,52,62,48,64,76,101,27,86,27,46,71,45,31,62,67,47,115,51,118,70,29,84,55,69,60,80,39,41,54,82,49,84,67,40,42,35,76,41,56,69,57,41,53,58,51,88,101,46,105],
		[94,50,100,17,48,78,69,108,50,80,68,110,58,74,95,84,70,82,112,127,61,74,105,29,98,104,64,34,0,39,44,63,88,80,105,91,130,77,38,67,18,92,79,65,59,43,114,116,123,84,77,34,91,37,80,95,104,36,22,115,18,52,55,77,85,41,98,72,60,47,50,36,48,32,57,146,98,169,74,80,84,45,75,98,44,24,118,83,84,108,99,62,111,61,73,39,51,73,84,24,31,51,80,134,73,88,33,73,31,49,56,116,43,52,82,28,33,28,49,59,41,45,67,59,52,74,57,33,66,55,61,84,60,66,41,47,78,72,44,90,66,64,31,84,47,23,30,39,113,76,130,88,76,74,54,89,22,48,75,66,46,47,71,52,56,75,67,41,42,51,30,69,45,40,87,46,69,23,28,54,76,54,30,99,56,49,76,80,106,109,86,79,56,73,60,54,54,53,67,56,35,97,49,48,71,55,59,50,33,46,59,49,59,81,88,60,67,40,67,39,88,87,62,75,36,31,75,29,71,54,43,62,93,30,32,56,79,86,46,48,57,68,76,77,63,87,86,79,92,39,61,76,63,37,53,42,84,61,103,61,72,80,62,18,43,82,36,87,40,108,50,46,52,52,58,63,78,56,59,72,78,48,66,35,64,66,52,53,58,79,41,46,42,49,54,66,79,88,33,92],
		[133,89,139,56,87,91,108,145,89,119,107,133,97,89,59,123,109,121,151,166,100,94,144,68,137,143,103,73,39,0,5,78,127,119,111,124,169,54,56,85,57,55,65,79,94,4,75,155,96,97,111,73,130,76,101,68,110,75,61,154,57,91,94,116,124,80,127,93,96,86,89,75,87,71,96,185,134,145,113,119,123,80,97,104,83,63,104,119,120,147,127,98,109,22,51,53,80,94,98,63,70,90,41,105,107,79,72,88,70,69,95,88,82,91,121,67,68,63,84,94,80,84,106,85,43,69,55,72,85,61,100,94,88,105,80,82,106,111,83,129,105,103,70,123,86,62,69,78,133,96,169,127,105,113,86,121,61,87,114,105,85,86,107,91,75,92,95,80,81,90,69,105,74,79,13,66,89,35,40,93,102,93,69,120,87,10,50,119,145,148,125,118,91,106,96,93,79,87,106,95,71,94,88,9,41,16,71,89,72,53,98,88,98,47,58,88,106,52,79,78,127,114,92,34,75,52,114,64,32,69,80,101,107,69,69,95,97,105,75,61,96,107,94,76,24,119,120,60,124,78,100,77,75,75,50,3,45,30,91,92,66,41,91,57,82,62,58,126,79,147,89,82,91,23,68,73,41,55,95,103,90,40,78,16,44,46,91,67,97,109,80,68,81,88,47,86,117,80,72,131],
		[138,94,144,61,92,96,113,122,94,124,112,110,100,84,64,128,114,126,86,142,105,89,149,73,142,79,108,78,44,5,0,83,132,124,116,129,172,59,61,90,62,60,70,84,99,9,80,87,22,86,100,78,89,81,37,52,94,80,65,153,62,96,94,121,129,85,132,98,101,91,83,23,37,69,94,189,129,150,104,74,102,85,102,42,88,68,109,114,77,62,87,93,58,17,49,51,78,99,87,67,74,95,46,110,112,74,77,26,40,58,37,93,87,96,119,72,73,50,71,81,85,89,64,86,48,74,60,42,75,66,105,89,93,110,53,69,101,116,86,130,103,51,75,128,43,36,43,83,122,84,161,96,33,83,84,119,49,92,119,110,33,34,86,64,80,97,100,54,55,37,74,100,79,49,18,71,78,40,45,43,69,98,74,56,71,5,45,117,92,125,26,121,38,42,45,43,84,85,56,60,48,99,78,4,36,11,66,56,13,26,46,47,65,42,53,83,71,49,76,77,115,102,51,39,80,47,113,51,27,64,63,51,50,73,74,100,102,110,55,66,101,93,89,71,19,77,98,55,104,73,95,67,72,56,55,8,50,35,96,76,71,46,75,62,87,57,56,74,74,120,62,38,95,18,63,68,46,60,90,77,87,35,50,11,49,51,66,62,78,76,85,73,55,92,42,75,73,64,57,116],
		[224,180,230,147,178,182,108,148,177,207,198,48,89,74,122,127,139,137,153,174,135,79,170,97,128,148,121,119,63,78,83,0,49,68,87,100,155,132,101,125,68,133,101,93,107,74,145,81,105,147,140,97,65,95,120,135,133,69,64,161,81,115,84,137,145,21,88,132,110,91,94,99,33,56,78,173,119,83,131,140,137,108,136,125,64,87,46,86,87,145,132,83,113,100,47,49,76,100,100,66,73,34,81,145,125,141,62,10,24,42,119,107,93,115,106,91,96,48,69,79,103,107,91,30,34,116,77,26,59,61,119,72,96,116,27,67,122,110,94,128,124,127,82,84,110,27,20,102,106,69,121,106,101,131,67,102,33,111,127,49,98,99,59,38,95,70,103,45,46,55,93,58,95,33,84,109,62,43,48,95,80,37,65,139,72,31,69,115,100,133,89,137,107,95,81,39,25,68,52,83,56,118,93,87,92,94,69,92,71,84,107,99,102,125,81,110,94,60,87,64,99,70,82,69,99,51,111,49,107,42,53,47,103,72,74,85,115,81,17,91,90,95,113,126,102,87,65,82,100,68,90,89,83,51,67,81,107,104,124,77,78,51,83,68,93,85,54,139,46,83,18,49,94,44,61,66,71,85,47,60,91,111,62,44,84,58,43,84,96,72,85,86,46,82,78,59,102,147,29,88],
		[273,229,279,196,156,186,91,131,158,79,138,97,138,123,171,166,134,173,183,128,120,128,203,101,170,190,163,62,88,127,132,49,0,19,44,57,150,126,90,119,70,155,136,116,130,123,149,130,154,134,148,90,114,125,168,183,136,111,74,153,91,125,81,124,132,70,126,144,92,42,45,52,66,54,29,124,132,132,116,139,156,120,101,120,113,112,95,135,136,172,155,116,158,145,96,98,123,126,135,76,83,83,109,173,153,98,105,59,73,91,107,156,95,80,104,101,108,97,118,128,129,133,56,79,33,115,112,75,108,107,121,121,115,118,76,112,106,114,104,134,95,80,76,133,121,65,69,127,155,118,170,102,148,102,116,151,82,88,115,98,62,63,108,87,101,119,117,83,84,93,105,107,97,70,121,118,111,92,97,131,118,86,102,158,69,80,118,79,148,151,138,137,121,98,114,72,69,117,39,70,80,142,74,126,43,133,118,78,85,89,75,76,94,86,97,117,81,40,67,62,126,118,126,23,69,85,114,98,113,82,71,80,74,70,72,96,107,115,66,76,85,96,128,77,85,128,114,121,57,102,99,48,58,91,107,130,111,89,114,74,93,100,107,67,95,101,103,103,95,132,67,88,104,93,110,56,76,90,96,109,78,111,60,64,102,45,92,105,70,103,115,74,84,101,58,80,101,140,78,137],
		[292,248,298,215,175,205,110,150,144,98,157,64,105,90,138,143,77,116,127,147,132,95,184,51,120,140,113,81,80,119,124,68,19,0,25,38,131,83,85,90,71,93,101,110,81,53,124,138,83,107,77,109,81,111,131,117,146,82,75,25,62,96,85,125,133,87,104,94,93,61,64,71,70,57,48,143,120,151,72,95,106,91,98,121,90,104,114,105,102,115,133,84,97,88,96,85,73,95,106,77,67,96,107,147,134,79,55,38,52,31,78,138,96,99,107,72,79,74,95,105,112,116,75,39,14,96,93,54,87,108,122,88,112,119,95,90,122,111,105,112,112,99,81,91,93,84,83,40,86,58,107,83,85,121,76,111,57,107,128,101,81,82,91,106,97,97,73,102,103,70,76,91,98,61,25,68,90,69,64,55,81,93,52,112,81,59,98,98,125,148,38,133,77,94,82,76,50,75,58,46,79,107,55,60,62,67,105,68,86,83,94,95,112,105,109,103,57,59,86,65,120,79,35,4,50,61,108,75,98,99,75,84,55,83,85,94,101,108,52,92,83,77,98,96,75,81,74,111,38,61,83,67,77,59,75,35,77,62,95,86,105,86,106,48,78,109,80,122,62,132,86,50,105,72,80,75,53,67,81,89,97,91,56,72,92,64,102,106,64,109,96,87,103,83,77,48,104,100,79,138],
		[70,104,119,109,140,159,135,83,141,107,87,39,80,65,113,97,52,91,102,145,107,70,99,76,119,139,112,106,105,111,116,87,44,25,0,13,55,82,84,105,59,116,106,117,98,78,149,128,106,82,96,113,56,86,106,121,121,60,55,50,87,121,75,96,104,68,79,87,91,86,89,84,80,73,73,124,110,130,96,97,125,116,91,114,68,88,101,94,95,90,123,74,96,111,111,108,94,88,81,57,64,71,98,122,92,54,80,63,77,56,103,103,84,124,92,91,69,74,54,64,88,92,100,64,39,107,68,79,98,76,110,63,87,107,114,65,97,101,85,113,98,112,48,66,118,56,63,65,111,83,112,108,93,122,101,127,82,132,118,76,70,69,66,96,65,87,94,74,75,84,101,81,85,86,50,93,93,73,78,80,106,74,77,87,106,84,88,25,74,107,63,72,98,101,72,77,75,100,83,71,52,76,30,85,87,92,128,61,66,79,83,79,70,130,120,101,82,81,76,74,87,104,60,29,75,77,99,75,115,124,68,94,80,63,65,103,106,98,77,76,108,102,83,96,100,69,99,98,13,86,108,92,102,73,89,60,102,63,70,108,93,111,79,73,84,99,71,111,79,111,100,63,85,89,89,94,78,73,71,84,115,116,81,68,85,87,69,86,39,84,71,77,75,73,78,49,87,96,76,121],
		[83,117,132,122,153,172,148,96,88,98,100,52,89,73,121,110,65,104,114,147,99,69,112,68,132,152,59,57,91,124,129,100,57,38,13,0,68,95,97,118,72,129,118,82,97,91,160,141,119,95,109,113,69,99,119,95,131,73,68,63,79,113,74,109,117,81,92,95,78,81,84,71,85,74,86,137,109,143,109,110,107,108,90,113,81,101,88,103,104,103,122,82,109,124,124,102,90,96,94,70,77,84,104,135,105,67,72,76,90,69,79,116,97,75,105,87,82,85,67,77,101,105,109,77,52,120,81,92,106,89,123,76,100,120,120,78,73,100,98,126,62,68,43,79,88,51,58,78,124,96,125,121,106,69,93,126,79,139,126,89,81,82,79,109,68,95,107,69,70,79,93,80,98,99,63,69,92,86,81,93,104,82,69,100,79,97,96,38,87,120,76,85,107,104,80,90,88,92,96,84,47,89,43,98,100,102,122,73,79,92,94,92,63,125,128,114,95,94,89,82,100,107,73,42,75,88,112,86,110,77,66,99,93,76,78,116,105,88,90,71,80,91,96,109,110,82,112,111,26,78,100,87,97,60,76,73,115,76,83,84,103,124,74,81,97,96,84,122,79,124,99,58,98,84,97,95,91,68,70,83,114,78,94,81,97,99,64,99,52,97,84,85,70,81,86,62,100,83,89,134],
		[176,210,225,215,246,265,116,63,121,151,193,107,94,101,149,46,91,56,86,94,124,106,112,102,171,167,131,96,130,169,172,155,150,131,55,68,0,73,75,104,95,129,119,76,120,133,133,126,105,121,135,107,111,131,117,132,52,96,91,97,113,121,111,58,66,101,134,125,93,141,144,79,93,96,121,153,127,143,50,73,101,113,118,141,104,132,156,131,132,129,126,37,133,99,110,112,108,60,71,89,96,110,55,26,28,28,79,107,96,83,77,35,86,99,102,123,77,82,49,59,70,74,131,60,85,16,42,45,69,71,112,118,138,109,114,101,120,102,117,80,97,107,35,100,123,43,50,64,140,110,167,151,132,121,101,136,71,124,140,115,69,70,105,67,10,39,51,61,62,71,114,85,64,52,68,78,55,109,55,79,96,79,82,126,102,128,40,80,69,79,110,67,55,46,108,72,91,102,107,83,39,93,25,99,79,106,132,76,84,97,82,74,92,112,91,121,94,76,103,96,32,108,87,84,109,85,44,78,89,116,83,105,124,95,61,99,100,105,73,110,107,118,62,32,40,103,43,34,68,85,98,41,51,81,62,78,104,75,99,107,66,91,66,98,103,62,45,110,86,70,123,50,106,64,79,49,69,60,95,108,114,130,55,86,52,54,56,89,34,44,57,40,62,38,43,44,82,120,109,160],
		[152,83,149,154,185,163,189,136,187,189,65,121,123,91,128,119,104,129,126,167,152,96,138,72,141,127,134,112,77,54,59,132,126,83,82,95,73,0,2,31,22,107,88,35,102,58,129,135,81,93,107,66,123,114,96,109,67,103,26,80,83,117,101,74,82,83,73,49,52,109,112,46,60,36,61,156,136,197,74,77,105,75,45,68,111,101,127,72,73,114,113,82,112,76,37,39,66,50,61,28,35,122,95,99,101,82,76,74,64,82,83,108,47,109,86,69,47,50,68,78,102,106,71,83,69,78,96,66,60,59,73,97,73,70,73,69,102,123,56,113,110,73,92,106,102,59,66,72,137,109,158,92,91,112,72,107,55,125,128,100,56,57,90,84,83,88,73,77,78,87,75,107,49,73,61,73,55,83,70,87,112,109,73,115,33,64,89,107,127,152,85,140,77,62,98,66,58,73,71,102,58,93,92,63,69,70,59,82,37,50,69,53,63,90,82,72,113,55,82,44,105,62,74,82,79,53,91,51,86,88,46,74,93,34,36,74,59,67,66,108,104,105,53,80,78,109,116,107,95,82,104,80,78,64,80,51,93,78,99,38,57,82,85,65,47,86,44,97,83,143,82,52,56,73,101,88,70,84,97,110,93,94,89,39,86,77,89,57,84,67,80,50,78,53,58,94,83,121,91,137],
		[85,85,151,156,187,165,191,138,189,128,67,123,125,93,130,121,103,131,125,169,86,98,140,74,143,129,136,114,38,56,61,101,90,85,84,97,75,2,0,29,20,90,47,33,97,60,131,137,83,91,105,64,121,75,98,111,69,74,24,82,56,90,93,76,84,79,71,51,50,85,88,44,58,34,59,154,136,180,76,79,107,77,47,70,82,62,86,70,71,113,115,84,111,78,35,37,64,52,63,26,33,89,97,101,103,80,71,72,66,84,85,110,45,90,84,66,49,48,69,79,79,83,69,84,71,74,94,68,62,57,71,99,70,68,71,67,100,110,54,111,104,72,69,105,85,57,64,74,135,111,157,90,89,112,70,105,57,86,113,99,54,55,89,82,80,88,75,75,76,85,68,90,47,75,63,75,54,61,66,89,110,92,68,117,31,66,89,109,126,147,87,117,79,60,98,64,56,71,69,94,56,95,87,65,71,72,57,80,35,48,67,51,61,92,84,70,105,53,80,42,107,64,76,84,74,51,93,49,88,86,44,72,91,32,34,72,57,65,64,86,95,106,55,82,80,108,116,109,97,77,99,78,76,66,82,53,95,80,101,36,55,80,83,56,45,84,42,95,78,145,80,50,54,71,96,86,72,86,97,110,91,86,87,37,84,75,87,55,83,65,78,48,76,51,56,93,81,123,71,130],
		[56,105,176,133,164,68,105,89,100,130,77,77,42,58,106,124,74,113,96,127,111,63,153,50,119,98,105,90,67,85,90,125,119,90,105,118,104,31,29,0,49,116,76,62,68,89,129,125,92,62,72,93,94,104,126,140,98,66,53,111,61,95,68,86,94,86,42,73,79,92,95,73,69,44,69,164,103,168,105,89,105,90,76,99,74,66,115,88,89,84,113,67,82,38,6,8,35,59,63,55,62,89,120,130,100,51,54,43,57,75,77,137,74,108,94,71,78,19,40,50,74,78,15,44,67,100,65,59,69,86,100,93,85,97,100,38,77,94,83,99,54,90,66,76,80,67,74,103,106,89,128,108,60,110,41,76,66,115,84,70,83,81,60,82,69,59,82,61,62,71,75,74,63,66,92,67,64,68,63,70,96,76,51,92,2,64,60,86,82,115,89,96,86,31,65,67,85,42,79,98,27,86,64,94,78,101,28,51,64,77,93,80,55,121,91,99,109,80,98,52,110,93,78,94,57,22,87,20,48,85,15,83,62,61,63,101,86,91,50,75,82,93,69,96,104,79,79,100,98,60,82,77,87,56,58,54,96,81,80,7,26,51,54,63,74,92,13,108,61,115,93,21,83,42,79,76,87,91,64,77,106,93,98,66,55,57,87,84,29,36,49,64,62,66,63,39,73,121,78,107],
