{
	"numFacilities":100,
	"costs": [
		[0,4,13,87,147,55,40,56,58,140,52,62,43,73,79,84,75,100,27,33,90,68,122,152,90,14,102,135,180,104,143,144,187,164,66,138,63,126,69,87,185,266,50,51,37,77,126,179,85,45,97,103,131,100,127,55,112,142,143,169,88,71,86,143,193,73,15,64,48,42,96,137,57,32,34,67,158,121,144,120,33,1,47,107,97,57,98,80,49,84,173,103,92,102,121,58,30,46,87,115,42,25,37,54,94,107,61,57,102,92,56,32,38,51,51,49,72,59,149,50,103,116,117,60,72,108,96,101,44,96,112,76,105,42,137,77,38,75,89,72,106,67,61,80,118,63,104,115,39,58,56,65,51,84,70,80,111,87,23,65,70,63,53,84,58,119,60,120,79,95,62,58,52,47,81,86,96,24,86,71,51,74,88,38,29,64,95,66,95,126,109,112,38,59,74,131,96,98,67,73,73,83,35,58,75,83,41,42,68,87,94,72,66,62,86,39,47,72,77,97,153,58,78,105,28,75,69,64,71,58,52,56,47,96,58,103,56,39,61,43,98,88,98,139,58,111,51,96,81,22,51,65,48,61,69,67,94,72,73,28,56,73,67,32,36,39,69,77,77,73,64,40,46,65,66,66,37,70,70,70,30,54,95,76,10,8,57,34,24,42,62,88,55,24,27,83,46,45,48,13],
		[4,0,9,83,34,59,44,55,57,139,56,66,47,77,83,88,71,96,31,37,94,72,126,97,93,18,106,39,84,43,64,65,108,88,70,93,67,130,73,91,40,121,54,55,41,81,82,99,81,49,93,99,134,104,123,59,108,84,85,111,88,75,90,73,159,73,11,60,52,46,100,28,53,36,38,43,134,125,140,124,37,5,51,111,97,61,102,84,53,57,101,107,38,98,121,54,34,50,91,50,46,29,41,58,98,87,65,53,102,96,60,36,42,47,55,53,68,63,75,54,107,101,101,64,76,104,95,77,48,100,67,80,109,46,70,73,42,79,93,76,110,63,65,84,122,67,105,116,43,54,60,69,43,80,74,76,107,43,19,61,74,67,57,88,62,47,64,124,83,99,66,57,56,51,82,90,95,28,90,75,47,73,92,42,25,60,91,70,95,130,113,112,34,63,78,99,92,101,71,77,77,82,39,62,71,87,41,46,72,91,49,68,70,66,87,43,50,75,81,101,86,57,82,109,32,72,73,68,75,61,48,52,51,100,62,72,60,35,57,47,94,92,102,89,62,110,55,100,85,26,55,61,52,57,65,71,98,76,77,32,60,77,71,28,32,35,65,73,81,77,68,34,32,69,70,60,41,66,64,45,31,58,99,76,14,12,61,30,20,38,59,92,59,28,31,80,40,46,52,17],
		[13,9,0,74,43,68,53,64,66,148,65,75,56,67,73,78,80,105,40,46,103,81,135,106,102,27,115,48,93,52,73,74,117,97,79,92,76,139,82,100,49,130,63,64,50,90,82,76,90,58,99,105,143,113,118,68,117,93,94,120,90,84,99,82,168,82,20,69,61,55,109,37,44,45,47,52,131,134,135,114,46,14,60,120,99,70,111,93,62,66,110,81,47,107,123,45,43,59,100,59,55,38,50,67,107,96,74,44,93,105,69,45,51,56,64,62,59,72,84,63,116,110,110,73,85,95,104,86,57,109,76,89,118,55,79,64,51,88,102,61,95,72,74,58,110,76,96,107,52,63,69,77,52,89,83,85,116,52,28,70,83,76,66,97,71,56,73,133,92,108,75,66,65,60,91,99,104,37,99,84,56,82,101,51,34,69,100,79,86,139,122,103,43,72,87,108,83,92,80,86,86,91,48,71,62,67,50,55,81,93,58,77,75,75,96,52,59,84,66,110,95,66,91,118,41,81,82,77,84,22,23,27,28,77,71,81,69,44,66,56,103,66,111,98,71,101,64,87,94,35,64,70,61,48,48,80,107,85,86,41,69,86,48,37,41,39,37,82,90,86,77,43,41,78,79,69,50,57,73,54,40,67,102,85,23,21,38,21,27,45,66,101,68,37,40,87,49,55,61,26],
		[87,83,74,0,60,97,43,59,61,46,31,23,106,141,147,152,154,179,114,120,177,155,209,158,58,71,159,106,151,69,90,91,134,70,153,119,112,175,76,94,123,204,137,138,85,57,156,134,77,48,129,135,99,105,119,140,104,110,111,137,62,116,131,156,198,76,94,143,135,79,133,111,49,62,38,121,186,200,136,188,120,88,134,194,71,101,86,91,52,87,168,59,64,155,95,50,117,109,147,133,106,57,69,86,126,31,38,77,126,129,81,99,45,87,54,132,64,102,60,111,135,148,45,99,104,65,99,125,91,128,93,117,110,109,56,69,84,121,134,70,104,71,64,41,88,66,105,116,119,72,59,111,99,50,29,108,139,112,75,117,95,101,97,96,123,114,92,152,77,93,132,61,115,51,85,95,78,111,156,92,79,62,127,42,108,141,62,47,91,129,112,95,66,116,131,85,55,64,76,82,97,74,39,102,67,92,44,68,94,96,97,84,123,94,89,74,78,103,75,113,146,83,115,93,60,80,121,96,116,87,88,92,51,100,37,91,85,91,72,82,105,33,77,97,88,106,55,100,82,76,105,92,83,77,89,99,89,102,64,77,82,99,70,84,88,91,105,97,58,69,75,72,50,100,102,91,79,36,85,59,73,75,81,79,53,55,61,78,76,94,68,97,79,78,81,82,78,71,52,100],
		[147,34,43,60,0,37,78,89,91,106,90,83,81,110,116,121,105,130,65,55,128,106,129,99,118,52,140,35,23,9,30,31,74,75,104,59,52,115,107,125,74,155,31,32,70,90,102,119,82,68,127,77,159,138,102,77,102,50,51,77,122,83,81,107,138,96,45,94,86,74,128,24,52,65,72,77,168,159,119,112,71,39,85,145,64,63,104,102,72,35,40,102,34,95,155,53,68,84,84,53,46,54,66,83,104,91,81,78,83,119,32,50,61,80,53,87,67,97,41,88,130,40,41,72,84,125,125,111,41,109,63,87,50,80,104,72,71,56,38,72,106,66,84,90,113,50,51,62,77,88,70,81,39,110,89,73,104,39,15,51,108,75,34,65,39,43,71,122,75,91,100,91,68,78,78,63,93,62,124,77,43,107,110,76,59,93,122,92,94,149,95,91,30,63,59,76,60,69,60,66,54,62,73,78,70,76,37,61,87,89,83,54,83,55,87,76,46,71,77,113,35,23,73,111,57,62,103,93,68,27,28,32,33,82,96,68,85,31,53,47,90,93,136,85,39,109,81,82,89,59,70,57,52,80,53,71,70,53,75,66,75,44,50,24,28,31,80,69,103,50,52,55,28,69,98,72,75,61,37,58,35,86,60,64,48,46,43,28,16,34,49,100,34,50,53,70,61,64,71,51],
		[55,59,68,97,37,0,59,75,65,143,71,81,98,126,132,99,104,129,82,88,145,123,166,136,43,56,87,72,60,46,67,68,109,112,121,66,89,119,61,79,99,180,68,69,42,82,139,144,69,64,97,103,84,90,92,110,96,87,88,114,47,101,116,132,145,92,70,93,103,37,91,61,89,85,89,102,124,138,109,125,88,54,100,160,56,86,127,133,68,72,77,79,71,131,80,90,59,101,121,90,83,80,92,109,141,114,80,112,90,87,69,61,61,103,59,104,104,114,78,69,158,77,78,109,121,66,100,114,57,125,100,124,87,71,129,109,43,83,75,54,88,103,80,99,108,82,88,99,94,113,75,118,56,113,89,110,141,76,52,34,95,86,71,102,40,77,88,148,62,78,117,77,105,102,112,100,58,79,141,100,58,81,143,91,84,94,125,63,111,145,127,127,67,100,60,113,97,106,86,92,55,99,90,77,79,87,60,84,110,86,36,17,68,90,74,50,58,83,59,93,72,60,107,123,83,38,79,119,84,58,59,63,58,106,77,105,51,68,72,82,107,68,117,119,76,136,106,102,104,57,106,42,59,99,84,78,107,90,81,69,98,81,82,61,65,68,90,55,74,85,89,78,65,76,61,75,90,74,74,95,54,65,76,37,63,62,68,59,53,71,73,83,71,59,62,72,60,66,73,68],
		[40,44,53,43,78,59,0,16,18,27,12,22,7,83,89,94,115,140,67,73,38,79,104,115,101,54,92,83,101,55,94,60,14,51,33,88,103,144,109,120,84,165,61,62,48,56,126,129,58,5,86,92,140,140,100,95,53,79,80,106,23,77,92,117,167,33,40,22,84,36,88,72,92,72,30,87,178,161,117,56,72,41,87,147,32,21,62,89,9,44,118,95,82,60,56,93,70,10,51,79,82,38,50,67,77,67,21,60,66,86,54,13,2,39,11,85,107,70,70,90,112,118,81,71,83,83,109,77,63,89,76,43,53,82,63,93,30,79,61,31,65,70,21,40,115,23,84,84,79,26,5,66,48,93,30,68,99,85,23,65,34,41,64,53,69,91,73,96,38,54,37,18,16,26,60,62,56,64,79,35,36,34,73,34,54,80,43,90,55,86,69,35,23,45,89,79,36,45,48,45,80,43,31,73,82,4,1,25,51,63,54,73,36,39,46,33,39,64,36,91,113,42,59,69,28,37,33,64,65,75,29,33,34,83,18,72,46,39,61,71,84,48,58,79,69,75,47,81,45,33,49,53,42,64,54,56,75,74,33,34,39,56,34,32,36,39,57,54,73,37,56,53,42,59,60,48,60,79,55,40,41,32,63,36,50,48,44,50,24,42,54,65,62,35,38,71,49,28,27,53],
		[56,55,64,59,89,75,16,0,2,43,28,29,23,99,105,110,126,151,83,89,54,95,120,80,99,70,108,94,110,71,110,76,30,67,49,104,119,160,61,52,95,123,77,78,64,43,115,81,20,21,59,65,140,92,62,83,47,77,78,104,39,93,108,107,155,49,44,38,100,52,104,83,101,30,14,97,188,177,79,72,88,57,103,113,48,37,78,105,25,60,102,40,45,76,72,102,86,26,67,95,98,54,66,83,93,51,37,76,43,79,70,29,18,55,27,100,116,76,86,106,122,127,65,87,99,99,125,93,79,105,74,59,69,98,79,109,46,63,77,47,81,76,37,56,49,39,68,79,95,42,21,82,64,109,46,84,99,98,39,81,50,57,58,37,85,39,89,94,54,70,33,2,32,27,61,71,40,80,95,51,20,18,86,18,58,96,59,106,71,102,85,51,39,61,105,95,52,61,32,38,96,27,15,87,76,20,17,41,67,72,70,74,52,35,59,17,25,50,52,75,78,58,71,85,44,21,49,80,61,65,45,49,27,74,24,78,62,55,23,33,100,64,64,81,85,91,31,76,61,49,65,69,26,75,70,45,87,90,49,50,32,49,38,48,52,55,73,38,89,53,72,41,26,43,76,51,76,63,48,51,44,16,57,52,43,40,37,66,40,58,40,74,76,51,54,55,47,44,28,69],
		[58,57,66,61,91,65,18,2,0,32,30,31,25,101,107,112,128,153,85,91,56,97,122,82,101,72,110,92,112,73,112,78,32,56,51,106,94,157,63,54,97,125,79,80,66,45,117,83,22,23,61,67,142,94,64,85,49,79,80,106,41,88,103,109,157,51,46,40,102,54,106,85,103,32,16,99,89,103,81,74,90,59,105,115,50,39,80,107,27,62,104,42,47,78,74,104,24,28,69,97,100,56,68,85,78,49,39,78,45,29,41,26,20,57,29,102,118,78,88,44,124,129,63,89,101,101,127,95,81,107,76,61,71,36,81,111,48,61,79,19,53,78,39,58,51,41,66,72,97,44,23,84,66,70,48,83,101,72,41,83,52,59,60,39,87,41,91,96,56,72,35,4,34,29,63,73,42,82,97,53,22,16,84,20,60,68,48,108,73,104,87,53,41,63,107,97,41,50,30,36,87,29,17,52,78,22,19,43,69,51,72,76,33,37,57,15,23,48,24,77,80,55,69,87,46,23,51,82,63,63,47,51,29,76,26,80,34,57,25,35,84,66,66,83,79,93,33,78,63,51,67,71,24,73,72,43,85,89,51,52,34,51,40,50,54,52,55,40,91,55,54,43,28,41,78,49,65,65,46,49,46,18,59,54,45,42,39,64,42,59,38,62,74,53,56,57,49,46,30,71],
		[140,139,148,46,106,143,27,43,32,0,15,25,34,110,116,121,142,167,94,100,65,106,131,114,104,81,93,60,105,82,121,87,41,24,60,115,126,171,95,86,111,157,88,89,75,59,127,115,31,32,93,99,145,126,73,94,58,88,30,73,50,104,119,141,30,60,67,49,45,63,115,99,48,61,40,114,121,135,90,83,99,68,114,62,59,48,89,116,36,71,122,74,79,87,83,49,56,37,78,106,109,41,53,70,100,77,24,63,77,29,41,40,29,66,38,46,63,97,97,76,119,122,28,82,94,110,102,97,90,112,103,70,80,68,90,68,57,93,88,51,85,73,48,67,83,49,98,104,97,53,32,93,75,70,33,95,126,72,50,92,61,68,91,71,96,68,76,123,39,55,64,36,43,53,41,51,66,91,106,62,54,16,84,44,81,47,16,93,82,113,96,62,50,72,116,55,9,18,30,36,80,60,41,67,66,31,28,52,78,32,81,100,63,66,57,47,48,73,56,101,107,69,69,96,44,55,60,80,92,63,56,60,49,98,21,75,48,66,34,44,111,75,61,52,83,67,57,70,68,60,71,80,56,52,59,65,85,97,60,61,66,71,24,59,63,52,84,72,100,64,29,52,52,73,56,70,33,61,71,35,49,35,64,63,54,56,59,64,51,69,63,78,65,62,65,84,39,37,44,80],
		[52,56,65,31,90,71,12,28,30,15,0,10,19,95,101,53,127,152,79,85,50,91,15,45,89,66,104,75,82,67,106,72,26,39,45,100,115,55,89,62,96,151,73,58,60,44,138,109,46,17,87,93,130,96,53,74,65,30,31,39,35,63,78,129,45,45,52,34,60,48,100,84,63,58,25,90,51,65,70,68,84,53,99,77,44,33,74,101,21,54,99,68,73,57,68,64,54,22,63,91,76,26,38,55,66,18,9,48,71,44,56,25,14,51,23,61,78,58,82,74,104,99,32,53,58,95,12,38,75,97,48,55,65,66,75,83,42,91,73,43,77,58,33,52,77,35,92,96,91,38,17,69,60,81,18,58,89,87,35,77,46,53,54,65,65,67,61,93,50,40,49,28,28,38,56,66,65,76,82,47,48,31,84,29,66,62,31,78,67,89,81,47,35,57,75,70,24,33,45,51,80,45,26,63,81,16,13,37,63,47,66,85,48,51,58,45,51,76,48,100,106,54,71,81,29,19,45,65,77,78,41,45,38,66,6,60,58,51,49,20,96,60,46,67,81,82,42,85,53,45,61,65,54,52,66,68,87,82,45,46,51,68,39,44,48,51,69,36,85,49,32,28,37,71,71,54,48,67,52,28,31,44,60,48,30,32,20,62,36,54,66,70,50,47,50,53,34,40,39,65],
		[62,66,75,23,83,81,22,29,31,25,10,0,29,105,111,63,137,162,89,95,60,101,25,55,81,76,114,85,92,77,113,82,36,49,55,110,125,65,62,72,106,152,83,68,70,34,133,110,49,27,88,94,122,93,63,84,75,40,41,49,45,73,88,136,55,55,62,44,70,58,110,94,72,31,15,98,61,75,80,78,94,62,108,87,54,43,84,111,31,64,74,69,73,67,78,73,55,32,73,101,86,36,48,65,76,28,19,58,72,54,66,35,24,61,33,71,87,68,83,75,114,109,42,63,68,88,22,48,85,107,58,65,75,67,79,92,52,92,78,50,84,48,43,62,78,45,97,103,101,48,27,79,70,73,28,68,99,97,45,87,56,63,64,66,75,68,71,103,60,50,59,31,38,28,62,72,55,86,92,57,49,41,94,19,76,72,41,70,77,99,91,57,45,67,85,80,34,43,55,61,90,55,16,73,90,26,23,47,73,57,76,95,58,61,68,46,54,79,55,90,107,64,81,91,39,29,55,75,87,88,51,55,28,76,16,70,65,61,52,30,106,56,56,77,91,59,32,77,63,55,71,75,55,62,76,74,97,77,41,56,61,78,49,54,58,61,79,46,81,59,42,38,27,72,81,64,58,59,62,38,41,45,70,58,40,41,30,72,46,64,69,80,60,57,60,63,44,50,29,75],
		[43,47,56,106,81,98,7,23,25,34,19,29,0,76,82,72,118,143,70,76,45,86,34,64,108,57,99,86,101,62,81,67,21,58,40,95,106,74,84,75,87,146,68,69,55,63,78,59,43,12,82,88,147,115,72,93,60,49,50,58,30,72,87,14,64,40,47,29,79,43,95,75,82,53,37,90,70,84,89,63,76,44,90,96,39,24,65,92,16,51,103,63,68,59,63,83,49,3,44,55,62,45,57,74,84,37,28,67,59,54,61,16,5,46,18,80,97,77,77,69,100,79,51,28,33,86,31,57,70,96,67,50,60,61,70,100,33,86,54,38,72,77,28,47,72,30,91,91,76,33,12,44,55,95,37,75,106,38,30,72,27,31,71,60,76,62,80,95,45,59,44,25,9,19,53,55,63,67,71,38,43,41,69,41,61,27,50,97,62,93,76,42,30,52,94,86,43,52,55,52,87,50,38,77,89,11,8,32,58,64,61,80,43,46,53,40,46,67,43,98,101,45,60,72,31,38,26,67,60,23,22,26,27,76,25,79,53,46,46,39,77,55,65,86,76,68,54,74,48,40,56,60,49,32,47,63,76,81,40,41,46,63,41,39,43,36,64,55,80,30,51,47,49,66,67,51,67,86,48,47,48,39,70,43,49,51,37,24,26,44,61,72,69,42,45,72,53,35,20,56],
		[73,77,67,141,110,126,83,99,101,110,95,105,76,0,6,11,94,119,100,101,121,141,110,140,163,87,175,115,90,104,140,141,97,134,62,134,136,122,142,151,116,197,123,111,110,139,149,135,104,88,116,122,204,173,135,123,131,125,126,88,23,75,90,90,140,116,87,105,121,115,169,51,23,36,52,48,139,153,152,47,63,67,113,172,32,62,103,130,92,102,107,139,61,106,56,24,86,79,120,126,96,98,110,127,115,113,104,79,128,77,55,73,81,122,35,106,38,76,151,106,176,107,108,104,78,98,87,82,73,141,90,72,136,98,82,43,71,115,93,31,65,129,104,123,122,106,158,84,111,95,88,10,57,95,113,95,126,86,60,91,103,107,93,115,97,123,89,142,38,54,58,89,85,65,99,55,85,97,137,76,88,90,137,56,97,80,111,101,65,123,117,82,75,77,117,111,62,71,99,105,99,114,53,52,41,63,66,90,116,63,72,91,103,60,110,35,43,68,36,95,145,95,119,110,9,71,99,45,85,87,88,92,49,98,93,95,46,58,80,73,96,53,133,105,131,80,69,74,82,53,108,53,44,51,67,63,132,98,57,51,66,83,58,69,73,76,104,88,83,84,66,81,55,61,109,69,63,36,66,36,50,50,91,101,72,74,59,88,61,79,58,88,79,55,58,79,49,55,62,86],
		[79,83,73,147,116,132,89,105,107,116,101,111,82,6,0,5,88,113,106,107,127,147,116,146,169,93,181,121,96,110,146,147,103,140,68,140,142,128,148,157,122,203,129,117,116,145,155,141,110,94,110,116,198,179,141,116,129,131,132,94,17,71,86,96,146,87,93,111,127,121,175,57,29,42,58,54,145,159,112,41,57,73,108,134,26,10,51,78,98,108,113,145,51,112,50,30,80,58,99,50,57,6,18,35,75,104,110,85,107,71,61,79,29,71,29,112,44,82,157,100,84,97,98,110,15,72,77,82,67,77,65,78,132,91,34,49,19,98,89,25,59,123,110,129,118,112,119,78,58,50,60,4,51,94,106,89,120,60,66,97,82,103,89,120,103,129,41,101,32,48,64,90,89,71,78,49,79,103,143,24,94,84,128,62,91,86,117,97,71,129,93,88,76,71,123,63,68,77,68,74,93,115,44,46,47,57,60,23,49,57,54,73,97,43,92,29,37,62,30,89,134,89,107,58,3,32,73,39,69,81,82,86,55,74,83,101,40,48,70,67,90,47,123,111,131,86,60,68,72,47,70,47,38,57,67,57,123,92,51,57,37,54,52,75,79,18,89,49,71,78,60,21,61,55,115,47,69,42,60,30,24,44,85,93,23,23,65,82,58,73,52,75,85,49,52,66,27,26,33,92],
		[84,88,78,152,121,99,94,110,112,121,53,63,72,11,5,0,29,54,111,94,103,144,68,98,16,29,117,126,101,115,109,110,79,92,73,138,147,108,34,52,127,204,126,111,77,97,82,131,99,70,51,57,57,63,46,67,46,76,77,66,12,44,59,86,98,92,98,87,113,82,136,62,34,47,63,59,104,100,63,46,62,78,49,109,21,15,56,82,56,91,118,121,56,84,45,35,85,63,104,55,62,11,23,40,80,71,62,90,112,76,48,66,34,76,24,114,49,87,120,105,89,83,84,99,20,39,65,87,62,82,70,83,68,67,39,54,24,84,62,20,54,111,68,87,91,84,124,73,63,55,65,9,56,38,59,84,115,65,71,102,69,59,62,93,108,120,46,106,27,43,69,81,81,76,83,54,84,108,114,29,90,84,107,64,85,91,84,36,76,133,98,93,81,76,89,68,73,82,44,50,88,98,49,51,52,52,55,28,54,52,59,42,59,48,71,24,32,57,25,84,139,77,83,63,8,37,78,44,74,76,77,81,60,79,59,106,35,47,60,70,85,41,99,116,77,91,65,73,77,52,75,42,33,62,72,52,99,87,46,43,42,59,47,80,71,23,81,54,47,58,31,26,66,50,106,52,34,47,49,25,29,39,78,62,28,28,70,77,63,62,47,77,83,54,57,68,32,31,38,97],
		[75,71,80,154,105,104,115,126,128,142,127,137,118,94,88,29,0,25,99,105,59,107,97,127,21,34,122,110,128,114,114,115,108,111,99,143,104,137,39,57,73,154,125,92,54,94,111,156,84,99,22,28,62,49,51,31,41,48,49,71,17,15,30,87,118,121,82,116,120,59,113,91,63,76,86,42,133,71,68,75,91,41,20,80,26,44,85,53,61,96,145,100,85,53,50,44,105,92,133,84,54,40,52,69,98,100,91,119,91,105,53,71,63,105,29,121,78,116,125,125,118,112,113,71,49,44,78,73,69,111,66,90,44,72,68,73,53,55,33,25,59,123,73,92,62,55,110,78,92,84,78,38,68,9,30,76,107,84,90,131,74,62,33,64,99,87,75,89,32,48,98,90,99,86,94,83,83,99,119,58,61,63,121,69,65,100,113,41,85,138,111,105,93,66,94,70,102,20,73,79,93,115,78,65,39,57,60,57,63,57,81,47,68,63,98,29,37,51,30,89,120,48,98,92,37,65,93,73,82,83,84,88,51,100,84,69,40,52,31,41,90,46,119,115,82,85,93,102,94,69,102,47,38,81,74,48,114,64,51,48,71,69,26,99,76,52,90,61,52,63,50,49,77,55,83,48,5,52,60,54,52,44,54,67,47,40,61,84,55,73,52,86,88,71,58,73,43,39,46,88],
		[100,96,105,179,130,129,140,151,153,167,152,162,143,119,113,54,25,0,74,80,84,132,122,152,46,59,147,135,153,139,139,140,133,136,124,168,129,162,64,82,98,179,150,96,58,98,136,181,91,124,47,53,87,74,49,56,66,73,74,96,42,40,55,112,143,101,107,141,95,63,117,116,88,101,111,67,60,46,66,100,80,66,45,105,51,69,110,78,59,94,170,124,110,78,75,69,130,117,83,109,79,65,77,94,123,125,111,144,98,113,78,96,88,130,54,96,103,141,150,150,125,137,138,96,74,69,103,98,73,128,91,115,69,97,93,98,59,80,58,50,84,148,71,90,87,80,135,103,117,109,103,63,72,34,55,101,132,109,96,138,99,87,58,89,103,112,100,114,57,73,123,115,124,111,119,108,108,124,144,83,86,88,146,94,90,125,138,66,110,98,119,130,97,91,84,95,127,45,98,104,118,140,98,90,64,82,85,82,88,82,80,72,93,61,96,54,62,76,55,114,145,73,99,117,62,90,118,98,87,87,88,92,76,125,96,94,65,77,56,66,115,71,136,140,107,110,114,127,119,73,127,72,63,106,99,73,115,89,76,73,96,94,51,105,101,77,115,86,77,88,75,74,102,80,87,73,30,77,85,79,77,69,79,80,72,65,86,88,80,98,77,79,102,75,78,98,68,64,71,113],
		[27,31,40,114,65,82,67,83,85,94,79,89,70,100,106,111,99,74,0,6,91,95,29,59,60,41,129,70,88,74,95,96,81,118,93,124,90,69,42,60,71,152,77,78,64,89,113,116,103,37,118,124,96,73,43,28,113,109,110,118,64,44,59,84,124,65,42,83,21,68,122,59,84,59,61,71,108,120,60,22,6,28,74,134,73,53,94,53,33,68,31,121,69,121,97,85,57,73,92,81,15,52,64,81,121,97,35,74,107,114,83,59,65,78,67,22,99,72,106,77,130,105,106,87,99,83,91,97,17,85,98,103,78,69,57,87,62,84,62,72,106,57,45,64,91,55,77,88,66,73,68,92,74,108,44,99,130,74,50,92,97,67,62,93,85,78,87,147,79,95,89,85,79,74,69,30,60,51,96,67,78,65,98,65,56,91,110,70,73,110,93,102,65,32,84,86,101,80,66,71,100,71,62,43,102,71,68,69,75,62,78,86,93,39,70,66,74,80,77,95,100,70,105,101,55,75,96,91,44,31,32,36,37,86,85,103,76,66,34,16,109,72,122,118,85,124,78,49,79,49,78,73,75,78,57,68,121,93,89,55,61,78,57,53,57,48,77,92,58,69,37,24,63,92,92,50,64,72,54,43,27,77,88,74,26,28,34,32,36,54,75,95,28,44,47,96,30,36,43,40],
		[33,37,46,120,55,88,73,89,91,100,85,95,76,101,107,94,105,80,6,0,85,101,35,65,66,47,135,76,33,47,85,86,87,124,99,114,96,75,48,66,77,158,83,84,70,83,119,122,109,43,124,130,102,62,43,22,107,85,86,112,70,38,53,90,130,71,48,89,27,74,128,65,90,65,67,65,114,120,60,28,12,34,80,140,79,59,100,59,39,45,37,127,75,127,100,91,63,79,98,16,9,58,70,87,127,94,41,80,113,93,87,65,71,84,73,28,105,78,96,83,136,50,51,93,105,89,97,86,23,91,103,109,67,75,63,93,68,78,56,78,112,63,51,70,85,61,71,82,72,79,74,98,80,114,50,93,124,80,56,98,103,73,56,87,91,84,93,144,85,101,95,91,62,72,75,36,66,57,80,73,84,71,82,71,62,97,116,64,67,116,99,101,71,26,90,92,70,79,72,77,103,77,68,49,108,77,74,75,69,68,72,91,99,45,76,72,80,74,83,101,90,67,111,107,61,81,102,97,50,37,38,42,43,92,90,65,82,72,40,22,115,78,128,113,91,130,84,55,85,55,84,79,81,84,63,74,125,87,93,61,67,84,63,59,63,54,83,87,64,60,43,30,69,98,98,56,58,75,60,49,33,83,74,74,32,34,40,38,42,60,58,59,22,38,41,79,36,42,49,46],
		[90,94,103,177,128,145,38,54,56,65,50,60,45,121,127,103,59,84,91,85,0,48,65,82,80,92,78,88,118,93,126,98,50,82,71,126,141,105,98,10,108,167,99,100,73,94,123,104,46,43,81,87,121,20,88,60,73,80,81,89,61,74,87,59,95,71,67,58,110,74,126,110,113,84,32,101,101,115,105,94,97,79,64,124,70,59,100,97,47,82,122,94,90,96,94,103,80,48,89,100,24,74,86,103,113,68,59,57,97,85,92,51,40,77,49,111,128,95,74,100,145,124,78,6,18,103,62,44,88,127,98,81,15,92,99,25,68,114,92,69,103,108,59,78,103,61,86,97,61,64,41,29,76,65,68,106,137,63,59,95,25,3,60,91,101,93,108,132,66,82,75,56,50,21,55,29,59,102,116,73,74,72,107,36,81,72,81,98,93,9,31,58,61,7,92,41,74,50,86,81,42,81,33,71,98,40,37,61,87,66,57,60,72,77,84,71,63,88,55,94,132,42,92,107,66,69,71,62,102,68,67,20,19,68,56,102,62,65,43,53,122,86,72,117,107,62,49,48,83,44,73,63,80,33,41,78,103,108,71,70,60,63,56,68,72,21,94,61,109,71,69,53,44,97,71,79,64,98,46,48,52,46,25,40,55,57,29,69,47,59,78,82,100,46,49,99,59,64,22,91],
		[68,72,81,155,106,123,79,95,97,106,91,101,86,141,147,144,107,132,95,101,48,0,54,84,128,82,126,111,129,115,104,105,93,130,112,133,131,94,137,58,112,167,74,75,61,101,150,145,94,84,107,113,169,68,136,108,33,63,64,90,67,54,39,96,136,112,83,101,116,66,120,100,125,100,80,81,142,156,153,117,101,69,112,168,76,100,141,145,88,93,126,115,110,108,100,126,98,89,127,117,72,67,79,96,117,109,60,99,130,116,98,92,81,118,79,117,140,83,115,118,145,146,123,54,66,142,101,92,76,125,81,105,63,110,142,73,62,94,72,75,109,105,100,81,71,102,119,128,107,105,70,77,75,113,69,91,122,111,91,133,73,51,72,83,82,119,102,140,82,73,116,97,95,69,103,77,92,92,121,114,115,90,123,84,97,109,122,50,98,57,79,106,100,55,102,89,115,98,104,110,90,96,81,96,124,82,74,84,110,107,105,108,96,104,125,79,87,90,80,127,129,82,132,129,70,30,71,106,103,90,91,68,67,116,97,127,80,102,91,59,122,89,120,158,82,110,72,96,104,46,105,97,88,81,89,40,109,73,101,96,98,103,102,58,62,65,93,13,61,72,65,67,92,105,90,91,105,61,94,71,54,94,73,88,56,58,59,91,43,61,82,112,101,48,51,64,73,79,70,81],
		[122,126,135,209,129,166,104,120,122,131,15,25,34,110,116,68,97,122,29,35,65,54,0,30,84,70,119,90,51,65,104,87,41,54,60,115,103,40,71,75,100,166,88,55,75,59,112,93,61,32,102,108,125,85,68,57,80,45,46,54,50,73,88,48,60,60,67,49,50,63,115,88,78,56,40,100,66,80,85,51,15,57,103,92,59,48,89,82,36,39,12,83,88,72,83,79,69,37,78,51,44,41,53,70,81,15,6,45,86,59,71,40,29,66,38,51,93,43,97,89,119,68,29,62,67,96,27,53,26,94,63,70,80,81,86,90,57,106,88,58,92,38,48,67,92,50,89,100,95,53,32,77,75,96,15,73,104,72,50,92,61,65,57,80,62,82,76,108,65,55,64,43,43,53,71,59,80,80,67,62,63,36,69,44,81,61,46,89,82,74,96,62,50,61,82,85,39,48,47,53,77,42,41,72,96,31,28,52,78,62,81,100,63,66,73,60,62,87,63,115,121,69,86,96,44,34,16,67,53,40,41,45,15,64,21,75,73,66,15,5,49,75,61,82,96,84,57,74,50,60,76,80,69,49,66,83,102,97,60,61,66,83,54,59,63,57,84,51,87,64,46,13,52,86,86,39,63,81,67,43,16,59,75,63,15,17,5,41,45,63,77,85,47,62,65,68,19,25,32,69],
		[152,97,106,158,99,136,115,80,82,114,45,55,64,140,146,98,127,152,59,65,82,84,30,0,61,74,149,120,81,95,129,117,71,84,90,145,133,70,79,92,75,156,118,85,105,89,142,123,91,62,132,138,102,102,98,87,110,57,58,84,65,90,97,78,90,90,94,79,80,93,145,77,86,73,70,78,78,92,115,81,45,87,133,122,74,78,119,112,66,69,42,94,87,102,98,87,99,67,101,81,74,53,65,82,111,45,36,75,116,89,93,70,59,96,68,81,51,13,103,119,131,98,59,80,92,84,57,83,56,103,75,99,97,111,116,106,87,130,108,73,107,68,78,97,65,80,113,124,125,83,62,103,105,126,45,85,116,102,80,122,91,83,74,52,92,112,88,109,80,85,94,73,73,83,101,89,110,110,97,92,93,66,99,74,108,91,76,81,112,77,99,92,80,75,102,115,69,78,77,83,107,72,71,90,54,61,58,70,96,92,84,87,56,90,103,74,82,107,78,137,123,99,116,126,56,64,46,92,83,70,71,29,30,79,51,78,88,95,45,35,79,86,91,112,122,114,87,89,80,50,106,95,83,79,50,102,132,127,90,64,84,101,84,80,84,87,78,81,92,94,59,43,81,100,116,69,93,92,97,65,46,89,105,93,45,47,35,71,75,93,84,85,77,52,55,98,49,55,62,99],
		[90,93,102,58,118,43,101,99,101,104,89,81,108,163,169,16,21,46,60,66,80,128,84,61,0,13,101,80,99,89,101,33,76,108,89,61,87,91,18,36,71,106,87,88,75,113,98,147,105,86,43,49,41,47,38,52,38,52,53,58,4,36,31,88,114,108,102,103,81,80,134,73,50,63,65,63,106,92,55,62,66,62,41,101,13,31,44,71,48,83,91,104,62,74,37,51,54,79,120,71,75,27,39,56,85,87,78,74,85,44,32,50,50,92,16,82,65,74,43,74,105,99,100,75,36,23,57,71,77,98,66,90,52,51,48,70,40,76,54,12,46,110,60,33,63,76,111,65,79,64,70,25,72,30,51,76,107,63,82,43,53,43,54,75,49,88,62,110,19,35,85,77,78,78,95,70,67,107,98,45,82,57,100,48,69,83,100,20,68,89,98,84,96,87,69,77,89,41,60,66,64,64,41,44,60,44,47,44,70,44,45,26,65,50,83,16,24,49,17,76,115,69,96,51,24,47,88,60,61,67,68,72,67,91,63,90,27,39,52,62,77,25,98,130,61,94,57,89,93,68,63,34,25,71,81,44,72,65,38,27,58,75,39,89,55,39,87,58,31,42,47,35,56,42,98,50,26,31,39,41,38,31,62,46,26,19,77,68,69,52,39,73,75,70,73,60,30,36,43,100],
		[14,18,27,71,52,56,54,70,72,81,66,76,57,87,93,29,34,59,41,47,92,82,70,74,13,0,32,57,75,61,82,46,54,105,80,74,61,64,31,49,58,119,64,65,51,91,100,103,90,59,56,62,54,60,51,65,51,65,66,71,17,49,44,71,111,87,29,38,62,56,110,46,63,46,32,53,84,98,68,63,47,15,54,114,26,44,57,84,61,75,72,108,56,67,50,64,28,60,101,63,56,23,35,52,92,84,75,71,98,57,45,30,41,65,29,63,78,73,56,48,101,92,93,74,49,36,70,84,58,94,79,90,65,40,61,83,52,89,67,25,59,81,73,46,76,77,103,78,37,72,43,38,61,43,64,89,120,61,37,49,66,56,67,88,55,65,58,103,32,48,76,72,66,45,79,71,80,22,84,58,65,70,86,36,43,72,97,33,81,101,110,89,52,73,60,90,90,54,65,71,70,77,33,56,24,57,47,40,66,57,58,39,52,60,92,29,37,62,30,83,87,59,76,64,26,60,83,62,74,49,50,54,45,51,72,88,40,52,65,57,84,38,95,107,68,107,49,90,84,36,49,47,38,75,75,57,85,78,51,14,47,64,52,46,42,45,64,71,44,55,60,38,44,55,80,63,39,44,52,54,41,44,75,59,8,6,55,48,38,56,52,36,69,38,41,73,43,43,46,27],
		[102,106,115,159,140,87,92,108,110,93,104,114,99,175,181,117,122,147,129,135,78,126,119,149,101,32,0,33,78,92,114,78,58,117,112,106,93,68,63,81,90,151,44,45,83,123,100,135,122,91,88,94,86,92,83,97,83,97,98,103,49,81,76,103,93,119,61,16,78,88,142,78,95,78,64,85,23,37,69,74,79,47,86,146,58,76,89,116,93,90,95,140,88,54,82,96,60,92,46,74,81,48,60,77,117,103,94,103,61,89,77,62,73,97,61,79,110,105,88,80,106,95,96,78,81,68,102,111,90,119,111,122,93,72,45,75,84,69,99,57,79,113,105,78,91,109,135,110,69,61,47,70,91,75,96,121,117,93,53,17,78,75,47,78,23,41,83,90,64,80,108,104,98,77,76,82,112,54,95,90,60,102,97,68,75,77,108,65,103,61,83,121,68,63,43,74,102,86,92,79,38,109,65,88,28,75,37,61,87,58,90,34,30,70,75,48,56,69,62,48,80,52,62,96,51,28,69,87,62,41,42,46,47,55,104,66,72,69,91,89,116,68,99,67,36,112,81,101,116,68,81,25,50,82,67,69,78,50,83,18,51,68,67,56,46,49,52,45,76,87,61,63,64,35,26,40,71,76,79,56,66,63,103,54,40,38,57,42,43,61,66,4,41,57,60,62,69,64,68,59],
		[135,39,48,106,35,72,83,94,92,60,75,85,86,115,121,126,110,135,70,76,88,111,90,120,80,57,33,0,45,44,65,66,77,84,109,94,87,101,88,98,79,146,49,50,80,112,67,120,91,88,113,112,111,78,108,98,108,79,80,106,74,106,71,100,90,112,50,49,79,85,100,29,57,52,68,82,56,70,102,92,76,44,90,122,83,81,114,21,41,57,62,107,39,87,107,58,73,89,79,88,81,68,80,97,133,93,84,92,94,89,67,75,81,86,86,80,72,102,76,93,139,62,63,90,102,93,86,102,76,139,68,92,73,85,78,77,81,74,73,82,112,88,53,72,103,85,86,97,80,87,80,86,44,100,93,107,138,44,20,50,90,91,52,83,56,8,76,123,81,97,105,96,73,81,43,53,83,67,128,95,27,76,30,72,64,99,76,60,70,94,101,113,35,75,76,99,69,78,52,46,24,97,69,101,61,68,42,66,92,30,88,67,63,78,78,26,34,59,87,81,47,57,91,121,71,61,102,107,95,62,23,27,28,77,81,73,50,36,58,68,95,80,121,50,57,114,85,72,95,65,81,55,17,82,48,36,105,71,107,51,80,69,48,29,33,36,85,49,71,72,33,73,33,34,59,60,80,70,57,39,40,41,82,77,53,51,38,57,19,37,49,37,56,67,70,70,79,69,76,56],
		[180,84,93,151,23,60,101,110,112,105,82,92,101,90,96,101,128,153,88,33,118,129,51,81,99,75,78,45,0,14,53,54,92,98,111,82,75,91,81,99,97,107,42,43,81,67,112,112,105,76,98,100,129,95,76,55,79,73,74,62,92,71,86,99,111,104,68,94,60,86,93,47,75,88,91,98,101,115,93,61,45,62,108,143,69,74,106,66,47,12,17,63,57,80,125,76,91,88,95,49,42,77,89,106,89,66,52,91,106,82,55,63,74,103,58,61,90,94,64,111,30,17,18,72,84,111,78,104,56,124,86,110,51,37,96,95,82,67,49,68,102,43,59,78,92,73,74,78,100,104,83,95,62,118,61,89,120,62,38,74,112,75,45,76,50,53,94,116,98,106,90,94,91,87,88,69,92,85,69,88,66,82,71,95,81,69,97,94,100,124,107,68,53,59,70,77,37,46,83,89,65,85,86,82,93,82,60,84,102,75,75,77,95,78,84,62,51,76,73,126,46,34,84,113,80,74,67,98,83,50,51,55,56,95,72,54,83,54,66,24,100,86,112,80,50,132,97,88,96,70,75,80,62,74,76,81,93,64,80,89,98,55,52,47,51,54,102,91,97,27,65,32,51,79,79,58,61,66,60,71,35,77,41,56,34,36,56,51,39,57,47,48,11,27,30,68,38,44,51,74],
		[104,43,52,69,9,46,55,71,73,82,67,77,62,104,110,115,114,139,74,47,93,115,65,95,89,61,92,44,14,0,39,40,69,84,66,68,61,105,92,103,83,121,40,41,79,81,111,115,91,60,112,86,115,109,90,69,93,59,60,76,56,85,90,76,112,88,54,77,74,83,107,33,61,74,81,86,100,114,107,75,59,48,94,119,55,72,80,65,61,26,31,75,43,94,89,62,77,65,93,62,55,63,75,92,103,80,66,87,92,96,41,59,57,72,44,75,76,106,50,97,44,31,32,81,93,97,79,105,50,118,72,76,59,51,110,81,80,65,47,64,98,57,73,92,104,59,60,71,73,81,60,90,48,104,75,82,113,48,24,60,89,84,43,74,48,52,80,130,71,87,70,73,71,81,87,72,102,71,83,86,52,89,74,85,68,83,98,63,103,102,104,82,39,72,68,85,51,60,69,75,63,71,82,87,79,59,46,70,96,74,82,63,91,64,96,68,55,80,69,122,44,32,82,87,66,71,73,102,77,36,37,41,42,91,73,68,79,40,62,38,99,86,113,94,48,118,90,91,86,68,61,66,61,88,62,80,79,62,66,75,84,53,59,33,37,40,89,78,74,41,61,46,37,78,93,72,75,52,46,67,44,83,55,70,48,50,52,37,25,43,58,62,25,41,44,79,52,58,65,60],
		[143,64,73,90,30,67,94,110,112,121,106,113,81,140,146,109,114,139,95,85,126,104,104,129,101,82,114,65,53,39,0,1,44,105,105,29,55,118,113,131,104,160,61,62,95,120,132,140,112,56,136,107,136,142,128,107,131,20,21,47,95,53,65,95,108,84,75,110,112,87,141,54,82,95,102,80,121,135,145,48,64,69,115,42,63,93,119,86,60,65,70,72,30,65,128,83,79,84,114,83,76,24,36,53,74,100,105,48,53,89,2,20,31,50,78,113,97,127,11,99,83,70,71,43,55,99,95,100,71,95,38,62,80,90,83,102,94,86,68,102,136,96,72,91,97,74,81,92,98,99,40,66,69,123,102,48,79,33,45,81,37,46,64,95,69,73,59,101,45,59,109,106,62,58,92,56,86,92,122,107,73,102,95,66,79,99,130,76,106,135,111,113,60,78,89,106,90,82,90,75,84,32,80,53,89,68,44,41,67,95,94,84,53,61,97,71,39,64,84,121,65,49,66,116,27,67,107,63,87,57,58,62,63,80,80,98,86,61,42,52,120,99,120,115,69,47,96,75,72,81,100,87,80,52,68,99,40,55,65,69,55,70,76,54,50,53,68,84,84,80,22,39,58,97,111,65,97,35,7,28,40,70,64,34,41,41,73,58,46,20,19,80,55,71,74,40,45,44,51,81],
		[144,65,74,91,31,68,60,76,78,87,72,82,67,141,147,110,115,140,96,86,98,105,87,117,33,46,78,66,54,40,1,0,43,106,93,28,54,110,51,69,104,139,62,63,96,116,131,126,96,55,76,82,74,80,71,85,49,19,20,46,37,52,60,81,107,83,75,82,108,86,140,39,67,56,72,79,101,115,88,38,54,61,74,32,46,64,77,87,59,66,71,34,29,64,70,32,74,70,111,84,77,23,35,52,73,90,67,47,52,13,1,19,30,51,49,109,82,100,10,94,84,71,72,42,54,56,84,99,65,94,37,61,81,84,73,87,73,87,69,45,79,97,71,66,63,73,80,91,83,86,39,58,70,63,76,47,78,32,46,76,27,45,65,75,70,74,58,100,44,49,97,56,52,57,91,46,76,68,123,78,55,26,94,65,69,94,103,53,73,107,110,95,61,68,90,102,91,74,40,46,85,31,62,52,70,56,43,40,66,77,78,59,52,55,67,49,29,54,50,109,66,48,65,84,26,57,93,62,81,56,57,61,62,79,78,83,60,62,41,51,110,58,118,116,70,37,78,65,71,80,81,67,58,51,69,56,39,54,55,60,54,69,72,55,49,36,69,69,64,73,21,38,43,75,104,55,59,34,6,27,39,58,56,33,40,40,72,57,47,19,18,79,54,70,73,39,44,43,50,73],
		[187,108,117,134,74,109,14,30,32,41,26,36,21,97,103,79,108,133,81,87,50,93,41,71,76,54,58,77,92,69,44,43,0,65,47,71,97,81,85,60,98,153,75,76,62,70,99,80,50,19,89,95,108,70,79,98,67,56,57,65,37,89,98,35,71,47,52,34,86,50,102,82,89,60,44,101,77,91,96,70,56,55,101,75,46,35,76,98,23,58,53,70,72,72,70,75,56,24,65,76,74,52,64,81,63,44,35,74,73,56,44,27,16,53,25,87,104,84,53,76,113,100,58,49,54,90,38,64,67,103,74,57,65,68,75,75,44,93,75,45,79,79,35,54,79,37,98,98,65,40,17,65,62,97,44,82,113,59,35,75,48,52,78,67,81,69,87,108,52,66,51,32,30,40,74,76,70,76,92,49,50,48,85,48,66,48,57,87,69,59,81,49,37,57,101,91,50,59,37,31,92,57,45,84,50,16,13,37,63,73,68,87,48,53,60,47,53,78,50,105,108,56,73,72,42,45,47,78,79,44,43,47,48,77,32,84,60,51,53,46,90,62,72,93,83,80,61,95,59,47,61,67,56,53,68,70,82,88,47,40,51,68,48,44,48,51,70,62,85,51,58,54,56,73,74,62,74,77,49,54,55,46,75,48,56,58,46,45,36,54,61,62,76,49,52,79,60,40,41,67],
		[164,88,97,70,75,112,51,67,56,24,39,49,58,134,140,92,111,136,118,124,82,130,54,84,108,105,117,84,98,84,105,106,65,0,84,134,127,94,111,92,128,181,106,97,99,83,136,25,7,43,117,52,134,72,49,70,34,64,54,78,68,86,101,72,54,71,91,73,69,39,93,99,72,80,64,113,90,104,66,105,69,92,131,86,77,72,113,105,47,82,66,75,80,96,101,73,80,61,102,105,98,65,77,94,105,57,48,87,101,53,65,64,53,90,62,70,87,97,116,100,66,79,52,86,91,131,51,77,80,136,82,94,67,73,114,92,81,117,104,75,109,92,59,78,96,25,99,110,121,77,56,101,99,94,57,92,123,96,74,116,85,85,93,95,104,92,100,132,63,79,88,60,67,77,65,75,90,115,121,86,78,40,108,68,105,71,40,106,93,91,107,86,74,51,114,79,33,42,54,60,104,84,65,91,90,55,52,76,102,56,92,111,87,61,81,71,24,49,77,125,110,93,93,120,68,52,70,104,87,81,62,66,67,105,45,99,53,90,10,20,103,86,85,76,107,91,81,94,64,84,95,98,80,76,83,41,109,121,84,85,90,95,48,83,87,76,108,54,117,88,53,28,76,97,63,50,57,85,47,59,31,11,52,67,30,32,59,82,66,60,39,85,75,86,54,60,34,40,47,104],
		[66,70,79,153,104,121,33,49,51,60,45,55,40,62,68,73,99,124,93,99,71,112,60,90,89,80,112,109,111,66,105,93,47,84,0,72,98,100,107,81,110,172,94,95,81,89,118,99,69,38,108,114,130,91,81,92,86,49,50,76,34,82,97,54,90,66,73,55,105,69,121,98,85,79,63,109,70,84,98,67,75,67,113,122,43,54,95,122,42,77,72,89,94,93,67,86,75,43,84,95,95,45,57,74,103,63,54,93,92,80,87,46,35,50,22,106,100,103,100,95,110,97,77,68,73,109,57,83,86,116,34,10,86,87,80,96,63,112,94,42,76,98,54,73,98,56,117,95,105,59,38,72,81,108,63,77,108,78,56,98,67,71,97,86,102,88,80,129,49,65,4,35,49,59,93,75,73,90,111,68,69,67,106,67,87,47,76,108,88,80,102,68,56,78,94,109,69,78,81,78,110,60,64,82,93,37,34,58,84,74,87,106,69,6,69,46,54,79,47,106,110,75,92,102,48,54,66,84,32,63,62,66,67,109,51,105,57,69,72,65,107,64,91,112,102,108,76,88,20,66,82,64,55,52,68,74,108,85,44,67,69,75,9,64,26,29,68,71,103,70,51,60,75,72,93,80,93,98,77,57,63,61,96,69,62,62,65,64,57,75,69,89,91,68,71,88,60,61,60,79],
		[138,93,92,119,59,66,88,104,106,115,100,110,95,134,140,138,143,168,124,114,126,133,115,145,61,74,106,94,82,68,29,28,71,134,72,0,26,89,79,72,132,167,90,91,108,141,159,103,101,83,104,110,102,108,36,57,77,47,48,74,31,73,88,106,25,111,103,102,136,103,60,67,95,84,100,100,129,143,53,66,82,89,102,60,40,70,105,115,46,81,99,53,57,92,64,60,102,95,39,67,74,51,63,80,101,71,80,73,24,41,29,47,58,79,43,136,110,128,38,114,104,99,85,70,82,84,109,127,93,122,65,82,109,111,101,106,79,113,91,39,73,125,58,77,82,88,108,92,56,111,67,86,98,91,73,75,80,60,74,100,55,73,91,94,98,89,86,85,16,32,76,84,80,85,119,74,104,96,151,84,74,54,122,91,92,119,103,81,101,123,106,120,89,91,118,130,46,55,68,74,107,59,51,80,60,41,40,64,90,71,102,25,80,48,83,43,51,62,44,103,94,76,55,111,54,46,87,90,55,84,85,89,66,55,83,111,54,66,69,79,104,61,123,89,98,65,67,93,66,108,68,61,52,77,97,71,67,81,65,70,78,95,61,56,60,63,97,63,92,101,49,66,71,69,93,58,70,62,34,55,67,51,20,5,31,33,76,85,75,47,46,100,82,98,101,67,27,33,40,101],
		[63,67,76,112,52,89,103,119,94,126,115,125,106,136,142,147,104,129,90,96,141,131,103,133,87,61,93,87,75,61,55,54,97,127,98,26,0,63,92,98,107,92,83,84,100,139,149,119,116,108,117,123,115,121,62,83,103,73,74,100,57,89,104,120,51,136,78,99,111,105,86,76,104,95,26,109,116,130,79,92,96,64,110,86,66,96,113,88,72,87,92,79,83,118,90,86,77,109,65,93,98,72,84,101,74,45,54,93,50,67,55,73,83,105,69,112,119,122,64,97,78,91,59,96,108,97,127,143,93,76,91,50,102,85,122,124,101,108,90,65,99,118,84,33,108,79,103,114,82,121,93,99,91,104,47,101,106,86,67,103,81,99,86,117,91,95,107,111,42,58,102,98,106,39,73,83,113,71,133,45,95,61,117,30,92,87,118,27,75,133,92,109,82,105,111,128,72,81,70,76,91,85,25,103,85,67,66,89,115,84,116,51,106,74,97,69,77,34,62,121,87,75,81,120,75,53,94,111,81,79,80,84,39,81,109,120,72,83,95,99,130,41,140,115,68,91,41,88,40,40,94,87,78,92,105,97,93,82,91,75,100,96,87,76,66,69,113,70,38,49,75,23,38,95,119,35,78,38,60,81,26,77,46,31,21,23,49,70,68,73,72,97,86,42,45,87,29,35,40,76],
		[126,130,139,175,115,119,144,160,157,171,55,65,74,122,128,108,137,162,69,75,105,94,40,70,91,64,68,101,91,105,118,110,81,94,100,89,63,0,73,91,122,109,112,95,115,99,152,119,101,72,120,126,118,104,108,97,115,85,86,94,81,101,108,88,100,100,93,74,90,103,149,110,118,96,80,74,91,105,125,91,55,79,118,132,90,88,121,122,76,79,52,123,120,112,114,119,92,77,114,91,84,81,91,108,121,55,46,85,113,62,74,80,69,106,78,91,121,83,120,112,121,108,69,102,42,100,67,93,66,134,103,110,109,104,113,105,97,137,115,81,115,78,88,96,123,90,129,134,85,93,72,53,100,107,55,113,123,87,90,85,101,98,97,120,91,109,55,115,96,95,104,83,83,93,111,99,120,86,107,78,103,75,109,84,107,101,86,90,122,114,136,102,90,101,111,125,79,88,87,93,106,82,81,95,60,71,68,86,112,102,81,100,88,57,113,85,93,97,79,107,137,109,126,128,84,74,56,107,83,56,57,61,55,87,61,115,89,106,55,45,89,102,101,122,104,124,97,114,90,96,97,93,94,89,82,99,142,118,100,50,83,100,82,78,42,39,110,91,101,104,86,53,92,95,94,79,103,101,107,72,56,99,109,94,55,57,45,57,61,79,100,72,87,98,101,108,59,65,72,91],
		[69,73,82,76,107,61,109,61,63,95,89,62,84,142,148,34,39,64,42,48,98,137,71,79,18,31,63,88,81,92,113,51,85,111,107,79,92,73,0,18,89,62,95,96,82,96,116,134,81,77,61,67,37,31,56,70,33,63,64,76,22,54,49,98,104,105,60,69,63,87,139,76,68,63,47,79,86,100,73,64,48,46,59,83,31,49,62,89,66,93,73,85,80,92,55,69,59,87,109,64,57,45,20,37,77,86,77,92,64,62,50,61,68,93,34,47,83,92,61,34,86,98,99,86,54,41,75,55,59,79,62,86,36,47,58,79,58,94,72,30,64,79,78,51,81,94,77,73,68,65,70,43,90,48,69,31,62,63,68,61,71,25,71,93,67,96,43,103,37,53,94,63,92,49,80,72,85,53,115,63,81,75,112,51,65,79,103,38,86,107,95,66,78,74,87,62,96,59,51,57,82,82,48,26,55,62,63,25,51,62,63,44,83,45,78,34,42,64,35,94,95,63,90,69,42,65,87,78,57,73,74,78,60,82,74,108,45,50,70,25,95,43,80,130,79,88,54,91,96,67,80,52,43,84,66,26,90,83,56,45,39,56,57,77,73,57,40,53,49,60,65,17,59,60,82,43,44,49,57,59,20,49,46,61,19,21,70,56,69,70,57,67,70,67,70,78,23,28,35,58],
		[87,91,100,94,125,79,120,52,54,86,62,72,75,151,157,52,57,82,60,66,10,58,75,92,36,49,81,98,99,103,131,69,60,92,81,72,98,91,18,0,98,80,109,110,77,95,133,114,40,53,79,85,55,30,74,70,51,81,82,89,40,72,67,69,65,81,77,68,81,72,126,94,86,81,42,97,104,118,91,82,66,64,54,101,49,67,80,87,57,92,87,60,65,106,73,87,77,58,99,82,34,63,38,55,95,78,69,67,63,80,68,61,50,87,52,65,101,105,79,52,104,116,88,10,22,59,62,54,77,97,80,91,25,65,76,35,76,112,90,48,82,97,69,69,89,71,95,91,65,74,51,33,80,66,78,49,80,67,69,79,29,7,70,89,85,91,61,121,55,71,85,54,54,25,59,39,69,71,126,81,72,70,117,46,76,82,91,56,103,19,41,48,60,17,102,51,84,60,69,75,52,79,43,44,73,50,47,43,69,70,61,62,82,63,94,51,57,82,53,104,113,52,102,87,60,69,81,72,75,78,77,30,29,78,56,110,63,68,43,43,113,61,62,121,97,70,59,58,93,48,77,70,60,43,51,44,108,98,74,63,52,69,66,78,82,25,58,71,67,75,73,35,54,77,81,61,62,67,50,52,38,36,35,50,37,39,39,74,57,63,72,85,88,50,53,93,41,46,26,76],
		[185,40,49,123,74,99,84,95,97,111,96,106,87,116,122,127,73,98,71,77,108,112,100,75,71,58,90,79,97,83,104,104,98,128,110,132,107,122,89,98,0,81,94,95,81,121,122,125,115,71,95,101,112,118,109,99,109,66,67,93,75,88,102,101,141,99,51,96,92,86,140,20,48,61,77,21,112,126,126,93,77,45,91,136,84,99,115,100,75,35,102,118,30,111,108,49,74,90,131,28,35,69,81,98,120,65,74,93,138,115,80,76,82,87,87,93,63,88,114,94,127,114,79,89,101,94,73,55,88,140,59,83,117,86,110,52,82,119,106,83,117,103,87,104,134,89,97,108,83,94,89,77,83,64,67,94,125,83,29,71,113,92,71,102,77,87,104,147,90,101,106,97,74,84,118,101,131,68,130,113,57,104,106,81,65,100,127,91,90,117,135,107,44,52,97,139,87,93,72,78,92,94,78,99,66,88,51,75,101,109,27,46,99,101,65,83,60,85,88,138,109,97,111,122,72,67,72,108,115,71,72,72,58,83,79,64,98,45,67,77,123,96,119,129,102,89,94,117,93,17,76,60,92,60,92,105,127,116,107,72,87,104,97,38,42,45,86,83,102,95,68,12,24,109,85,38,78,61,42,23,9,65,106,66,14,16,68,70,30,48,69,75,99,19,22,90,18,24,31,57],
