{
	"numFacilities":10,
	"costs": [
		[0,7,63,138,230,51,103,129,8,15,88,109,16,2,17,71,117,199,65,114,129,111,193,109,129,27,83,80,107,135,176,267,28,47,72,91,109,107,134,52,34,81,129,33,70,113,58,143,168,148,196,271,84,97,192,100,45,103,106,198,76,56,100,86,92,85,135,139,156,57,81,74,146,130,132,78,140,60,91,45,68,149,78,78,50,76,65,40,45,53,118,39,43,139,95,121,55,38,58,92,95,100,117,152,26,20,54,36,86,101,87,22,108,135,157,241,48,45,38,57,60,90,130,35,33,77,46,109,49,77,94,95,91,75,41,56,78,88,30,24,31,51,65,77,53,56,129,108,55,58,78,36,53,97,34,98,62,107,114,63,23,25,31,58,74,34,48,58,59,40,25,50,28,64,77,79,50,85,74,80,58,8,51,60,91,115,56,38,56,64,56,88,69,46,90,63,89,86,113,64,108,78,85,91,43,68,54,75,66,75,79,57,60,64,58,39,9,42,33,42,37,82,52,22,35,36,90,84,89,68,41,58,52,70,53,86,92,55,95,51,36,78,32,40,22,21,40,46,65,52,46,49,34,56,60,74,74,51,63,63,84,30,75,79,27,48,71,21,53,25,49,94,62,56,54,39,62,47,52,62,75,126,42,56,64,67,44,50,81,33,50,94,33,53,29,56,45,51,32,77],
		[7,0,56,131,223,58,110,136,15,22,95,116,23,9,24,78,124,196,72,121,136,100,194,107,136,34,90,73,91,119,160,251,35,54,79,73,102,114,141,59,41,88,113,40,77,120,65,150,87,88,136,211,91,104,199,107,52,92,113,205,83,63,107,93,95,92,142,146,163,64,65,80,142,137,92,83,145,67,61,38,61,124,85,85,57,83,72,47,52,60,103,46,50,146,86,126,62,45,65,99,102,91,108,114,33,27,61,43,93,108,94,29,65,92,142,226,55,52,45,64,67,97,137,42,40,84,53,116,56,84,101,102,98,82,48,63,85,95,37,31,38,58,72,84,60,63,89,115,62,65,71,43,60,104,41,100,69,109,112,70,30,32,38,65,81,41,55,65,66,47,32,57,35,71,70,86,57,78,81,87,65,15,58,67,98,108,63,45,63,71,63,95,76,53,97,70,96,93,115,71,115,85,92,84,50,75,59,80,73,82,86,64,67,71,63,46,16,49,40,49,44,89,59,29,42,43,97,91,96,75,48,65,59,77,60,93,99,62,83,58,43,85,39,47,29,28,47,53,72,59,53,56,41,63,67,81,81,58,56,70,91,37,82,86,34,55,78,28,58,32,56,101,69,63,61,46,69,40,59,69,82,133,49,63,71,74,51,57,88,40,57,87,40,60,36,63,52,58,39,84],
		[63,56,0,62,104,109,32,64,71,78,151,98,79,65,80,75,121,127,128,177,192,128,31,102,58,90,146,129,139,167,208,299,91,110,101,129,158,170,197,115,97,88,108,96,133,176,121,206,106,107,155,230,92,105,200,163,108,50,91,183,139,119,163,149,110,93,32,82,57,101,71,86,85,75,112,121,83,123,81,94,117,143,47,120,107,133,128,74,106,67,67,102,106,202,137,164,108,101,121,88,88,120,137,95,39,45,79,99,115,97,101,85,69,73,122,206,111,75,63,82,118,59,59,48,82,126,45,135,108,102,75,79,51,88,104,26,110,80,83,67,74,107,90,136,81,90,145,139,105,71,102,79,96,96,97,72,97,104,93,94,86,88,91,79,74,85,84,104,105,83,32,57,64,62,14,54,73,22,66,46,65,71,100,59,90,89,119,90,78,114,99,102,75,86,113,108,116,92,98,127,114,141,123,140,83,44,3,24,65,74,80,89,92,100,7,58,71,82,57,91,100,110,46,85,22,32,86,35,69,77,48,91,109,107,82,122,101,58,51,69,43,98,95,93,54,66,51,86,77,86,71,98,83,83,106,86,73,96,84,82,80,93,100,48,88,49,59,84,78,88,93,82,69,100,115,55,78,80,101,87,94,155,85,90,127,96,89,67,87,66,83,75,82,39,84,96,69,59,75,140],
		[138,131,62,0,92,97,94,126,133,140,213,160,141,127,142,137,147,65,118,167,182,190,65,136,17,52,108,187,127,23,64,155,153,29,54,61,93,116,123,177,78,122,149,58,121,204,183,268,168,169,91,166,123,136,231,176,73,112,73,165,201,181,111,139,144,124,94,144,91,83,30,13,44,34,120,103,145,185,40,57,80,161,106,146,32,58,106,105,74,129,129,116,120,216,74,134,170,75,95,131,134,49,66,111,56,62,31,80,74,56,93,120,83,107,157,241,88,92,80,99,106,118,18,65,99,139,107,99,89,92,109,100,113,105,66,81,106,39,42,48,55,72,99,95,78,87,178,98,32,88,90,47,64,113,159,66,91,136,96,97,123,115,88,96,98,59,92,101,76,79,26,1,8,88,48,64,89,84,108,52,87,124,114,71,77,48,81,95,22,41,55,83,95,90,129,67,93,112,57,89,109,117,94,103,55,89,55,76,73,82,78,39,42,93,59,31,40,26,75,65,80,48,77,47,56,66,59,69,103,83,54,83,45,74,95,127,60,6,93,108,37,57,57,52,111,72,15,69,71,95,75,59,78,100,40,63,91,76,101,55,109,105,91,100,103,62,71,93,76,29,37,41,7,38,57,48,71,28,75,39,52,130,66,107,86,95,87,15,46,83,49,137,58,35,66,100,71,80,87,159],
		[230,223,104,92,0,5,57,94,158,68,96,191,183,86,101,105,121,39,92,141,156,168,92,163,83,111,167,62,35,63,104,125,49,68,93,130,91,114,150,154,108,130,57,109,97,180,76,161,150,53,101,61,31,44,9,37,76,134,113,102,106,206,151,60,73,32,93,143,74,123,66,81,63,100,139,148,157,227,76,93,116,85,79,103,46,72,55,15,47,74,98,124,128,224,120,73,137,54,74,39,42,121,82,127,93,99,122,120,140,122,105,106,166,90,140,224,32,9,55,74,14,54,84,62,96,140,61,136,20,62,79,83,52,102,117,53,103,70,62,53,60,77,104,152,112,91,104,63,100,97,82,65,82,113,105,41,66,111,101,101,119,39,45,72,91,102,34,58,59,54,98,93,37,57,109,47,64,103,103,105,97,112,114,75,85,67,46,77,95,109,85,41,70,50,104,34,60,75,109,123,124,108,109,118,75,72,76,85,81,90,84,78,81,50,61,85,41,58,82,104,62,122,61,94,73,83,99,81,115,61,58,101,74,41,7,50,108,27,114,16,48,76,68,60,79,105,36,36,39,3,51,63,82,30,74,48,76,99,70,69,51,82,39,81,41,62,81,67,67,97,35,77,78,86,68,85,55,49,112,67,80,130,46,15,52,21,30,59,82,42,59,52,59,74,27,8,54,53,49,121],
		[51,58,109,97,5,0,52,86,59,34,45,140,67,53,68,97,120,44,97,92,107,104,97,97,78,68,124,67,40,68,109,117,54,73,98,124,96,119,155,103,85,102,62,74,102,70,81,166,145,58,106,66,36,49,14,42,64,122,118,24,87,107,151,65,78,37,92,142,79,14,56,71,68,95,144,98,156,111,66,83,106,90,74,108,51,77,60,20,41,79,90,90,19,115,125,70,106,48,68,44,47,126,87,118,72,34,68,87,127,117,99,73,123,95,145,38,16,4,52,71,9,59,79,67,84,128,35,13,17,59,76,80,57,61,67,58,97,75,56,40,47,82,79,128,91,96,109,68,90,65,87,52,69,116,85,46,71,106,106,82,74,44,50,77,90,75,29,53,54,59,48,73,34,40,114,52,11,102,80,110,66,59,101,49,80,72,30,73,87,99,72,46,53,55,51,31,57,70,110,14,64,102,37,67,61,67,77,82,55,64,52,61,64,30,41,58,46,53,46,29,67,117,56,73,68,55,104,86,70,56,55,98,79,23,2,45,103,22,108,11,53,81,63,55,58,72,31,28,44,8,46,68,85,25,78,53,63,76,75,62,56,49,44,74,46,67,76,64,67,76,32,74,73,72,73,52,60,44,39,62,75,135,41,10,47,16,25,45,65,47,59,57,64,78,32,13,58,47,33,105],
		[103,110,32,94,57,52,0,76,103,86,97,124,111,97,112,87,133,96,149,76,91,103,63,91,26,61,117,119,92,117,158,169,60,79,104,123,148,171,173,136,113,73,114,67,79,122,133,81,137,110,158,118,67,71,66,94,55,76,89,56,119,151,78,106,95,68,64,114,84,57,39,54,53,43,83,92,115,155,49,66,89,23,22,40,82,107,19,39,71,35,80,127,71,167,57,117,92,78,98,30,56,62,79,124,65,38,72,121,83,65,69,117,101,100,150,90,68,56,56,75,61,34,27,74,108,74,13,65,42,84,101,84,19,63,75,52,88,48,51,35,42,75,83,104,87,44,128,70,68,97,99,47,64,107,129,47,72,89,125,99,74,96,97,105,41,52,81,105,106,60,32,42,49,37,46,53,42,54,46,42,40,36,95,27,58,57,82,82,63,77,67,77,50,69,82,56,82,66,47,66,89,126,89,112,58,70,29,50,33,42,47,56,59,73,33,72,70,67,25,61,114,63,71,96,54,64,118,67,71,53,44,76,81,63,51,94,69,26,83,37,21,66,66,61,22,60,26,65,52,51,50,49,68,51,73,61,41,64,105,68,98,65,49,74,57,68,55,68,61,70,57,50,60,90,84,31,54,48,71,66,79,95,53,55,92,65,74,42,62,33,50,43,50,71,51,54,37,77,43,115],
		[129,136,64,126,94,86,76,0,64,71,123,156,143,70,65,11,57,130,100,149,164,176,95,166,102,75,131,153,120,104,145,203,136,88,111,148,180,203,146,60,90,137,142,81,105,94,106,157,89,88,136,152,122,135,100,108,101,108,149,110,155,183,154,151,159,123,96,79,121,92,115,70,129,119,159,126,147,187,125,142,165,99,98,116,91,117,95,106,97,69,4,51,55,113,133,156,166,74,94,106,132,96,113,158,25,31,65,104,134,109,103,70,133,131,119,124,94,61,49,68,95,110,103,16,50,94,89,99,95,88,105,72,95,56,89,84,100,110,112,66,73,50,54,143,18,27,118,136,51,57,70,78,95,144,90,100,109,154,153,119,56,26,28,55,116,82,60,26,27,43,81,95,63,76,78,106,53,86,63,110,116,45,68,90,111,133,104,46,64,60,74,97,89,79,93,55,80,100,104,100,136,116,113,145,81,33,61,82,109,96,97,67,70,76,65,54,65,90,44,59,85,78,100,90,60,70,68,99,133,85,52,95,64,62,62,98,129,100,60,63,78,126,80,115,59,69,51,63,36,72,57,50,51,73,61,38,85,66,52,75,118,74,79,106,24,51,88,57,64,54,56,97,76,89,51,50,73,94,69,58,71,149,72,47,84,76,75,59,90,34,51,119,80,77,65,57,56,103,88,160],
		[8,15,71,133,158,59,103,64,0,7,84,117,20,6,21,75,121,103,69,118,133,36,102,117,129,31,87,88,80,108,149,99,36,55,80,56,88,111,103,60,26,73,102,37,74,121,62,147,102,11,59,19,49,62,73,101,37,95,71,83,69,64,108,94,95,10,72,122,110,65,80,82,127,134,107,82,136,68,76,53,76,47,48,82,24,50,73,44,53,61,68,47,51,147,69,78,63,46,66,17,60,74,91,129,34,28,62,40,90,105,95,26,80,107,157,97,56,37,46,65,68,60,130,43,41,85,54,52,57,83,91,95,95,83,45,60,24,34,37,32,39,59,73,85,47,56,104,60,63,55,68,44,61,89,26,23,48,45,98,55,27,29,35,62,69,38,40,64,64,36,17,42,32,63,85,18,46,82,72,84,66,16,59,63,91,55,60,46,19,16,30,59,49,50,86,71,24,44,84,68,104,70,64,99,37,62,46,60,69,78,53,62,65,56,50,28,1,34,41,50,41,75,56,26,39,28,62,88,97,39,49,62,20,62,55,78,100,47,89,59,26,64,36,47,30,25,48,54,28,56,31,53,42,64,64,37,82,55,71,49,67,22,57,84,31,44,63,13,53,29,41,41,54,60,58,47,37,55,60,47,60,130,50,60,72,69,48,54,79,20,24,30,37,61,33,60,53,59,24,85],
		[15,22,78,140,68,34,86,71,7,0,63,124,27,13,28,82,128,78,76,125,105,43,109,124,112,38,94,55,74,102,143,106,43,62,87,63,84,86,110,67,33,80,96,44,81,96,39,124,109,18,29,26,56,69,48,69,30,88,78,58,76,57,101,87,77,17,79,129,113,40,59,74,102,111,111,89,143,40,69,60,83,54,55,71,31,57,80,51,60,68,75,54,53,47,76,85,70,53,73,24,55,81,98,136,41,35,69,47,83,98,78,33,87,114,138,72,34,30,53,72,43,67,112,50,48,92,61,47,35,77,94,98,41,90,52,67,31,41,44,39,46,66,80,92,54,63,111,67,47,62,75,51,68,27,33,30,42,34,49,48,34,36,42,69,60,44,47,63,34,43,24,49,39,70,92,25,45,89,79,73,73,23,66,70,28,62,48,32,26,23,33,66,50,45,85,35,31,51,91,48,64,77,53,85,44,47,53,30,76,38,56,65,68,56,57,24,8,41,48,57,48,72,63,33,31,21,69,95,77,46,56,68,27,42,36,79,107,48,96,45,33,71,43,54,37,32,55,61,35,42,38,60,49,59,71,44,89,61,78,48,69,15,56,54,38,51,44,20,60,36,34,48,61,67,65,54,44,62,67,54,67,125,57,44,79,50,55,54,85,27,31,37,44,68,40,47,60,65,17,89],
		[88,95,151,213,96,45,97,123,84,63,0,95,90,76,91,134,165,89,139,137,152,106,127,142,50,85,141,112,85,113,154,162,99,95,120,126,141,149,173,130,96,143,83,91,144,107,68,153,172,67,92,89,81,94,59,87,93,151,141,69,132,86,130,110,123,80,47,97,124,51,63,78,77,67,130,136,111,103,73,68,91,103,104,134,94,120,105,65,86,82,127,116,64,83,137,115,105,86,106,87,92,135,96,141,89,71,105,110,107,81,116,96,125,140,123,83,53,41,89,108,54,68,49,98,111,150,80,58,54,96,113,117,70,105,99,96,94,72,75,77,84,105,116,128,111,120,154,113,87,110,101,89,106,90,96,55,80,97,112,93,97,89,95,122,123,92,66,90,91,68,87,66,71,71,143,61,56,57,101,117,103,86,129,78,47,81,67,95,87,79,93,91,79,100,96,68,94,96,90,59,109,140,82,22,30,104,116,93,100,101,93,102,105,67,78,87,71,90,83,74,90,114,101,96,94,84,132,124,115,87,56,69,75,68,47,90,93,67,143,56,96,90,90,78,100,95,76,73,60,53,83,110,112,70,105,69,90,109,117,99,101,78,85,109,91,76,102,83,104,94,69,74,84,114,118,89,69,89,84,79,92,152,78,55,92,61,70,76,96,90,87,100,91,98,77,58,62,92,46,118],
		[109,116,98,160,191,140,124,156,117,124,95,0,35,49,64,118,116,184,112,161,176,15,109,170,109,53,109,179,106,113,154,34,61,80,92,25,57,80,116,104,25,72,128,14,77,160,105,190,93,92,112,136,102,115,154,152,124,142,139,68,131,165,166,136,94,103,130,180,111,109,62,77,136,126,105,59,121,164,72,89,112,79,80,111,69,60,76,87,30,86,151,70,74,170,38,74,10,27,47,105,113,43,60,105,57,63,97,69,112,127,78,69,155,89,139,85,44,56,74,46,108,92,110,66,98,142,82,153,45,26,43,47,112,77,6,21,105,37,34,40,47,82,108,153,26,35,126,141,59,89,66,52,48,97,143,101,51,6,66,67,42,43,36,63,90,15,68,49,50,66,52,77,62,72,112,98,76,120,63,94,98,117,95,73,104,128,37,69,84,68,72,87,85,54,116,59,85,102,94,29,79,39,25,117,26,41,44,49,67,76,95,90,93,84,48,16,83,60,54,73,82,44,17,64,68,63,114,49,83,73,52,39,72,66,41,58,116,82,68,81,63,100,49,40,99,68,83,43,44,80,85,67,86,95,47,53,100,32,102,40,46,97,87,62,45,56,78,65,40,44,60,100,80,60,72,60,83,104,71,66,79,57,58,55,92,55,53,67,76,66,68,54,47,51,73,57,66,36,61,133],
		[16,23,79,141,183,67,111,143,20,27,90,35,0,14,29,83,129,105,77,126,132,50,110,125,99,39,95,82,80,108,149,18,44,63,88,60,92,113,123,68,46,8,101,45,82,123,66,151,110,31,56,39,69,82,75,96,57,115,91,85,89,72,116,102,30,30,92,58,130,67,86,90,126,116,115,90,152,67,84,61,84,67,68,60,44,70,81,52,61,69,88,55,59,74,73,98,45,54,74,37,80,78,95,137,42,36,70,48,98,68,103,34,88,115,98,23,34,46,54,73,70,80,100,51,46,90,62,52,35,61,78,82,68,91,41,56,44,54,46,40,47,67,81,93,61,68,112,80,71,74,39,52,32,54,46,43,68,41,76,34,7,9,15,42,87,46,47,71,61,52,17,42,40,45,93,38,56,101,90,62,74,24,64,76,55,75,48,54,39,36,50,79,58,58,96,49,44,64,104,64,91,74,60,107,57,74,46,57,82,65,72,59,62,63,50,48,21,54,49,55,49,79,52,34,47,48,82,84,104,59,57,70,40,55,63,85,108,47,103,67,28,84,44,56,38,33,56,59,48,64,51,33,47,69,44,57,90,63,79,69,81,42,66,81,11,55,71,33,53,9,40,61,74,68,38,55,57,63,65,67,69,92,58,68,80,77,56,40,70,40,44,50,45,69,41,40,61,67,44,93],
		[2,9,65,127,86,53,97,70,6,13,76,49,14,0,15,69,115,91,63,112,118,42,81,111,113,25,81,68,86,114,155,32,30,49,74,62,94,99,109,54,32,22,108,31,68,109,52,137,96,17,42,25,55,68,61,82,43,101,77,71,75,58,102,88,44,16,78,72,116,53,72,76,115,124,101,76,138,53,70,47,70,53,54,74,30,56,58,38,47,55,74,41,45,60,75,84,57,40,60,23,66,80,97,123,28,22,56,34,84,82,89,20,74,101,112,37,47,43,40,59,56,66,114,37,35,79,48,58,43,75,92,96,54,77,39,54,30,40,32,26,33,53,35,79,51,54,98,66,57,60,53,38,46,40,32,29,54,47,62,48,21,23,29,56,73,32,46,60,47,38,23,33,26,59,79,24,48,87,44,76,60,10,53,62,41,61,54,40,25,22,36,65,55,44,88,48,30,50,90,61,77,76,66,93,43,60,52,43,68,51,59,59,62,62,56,34,7,40,35,44,35,81,50,20,33,34,68,82,90,45,43,56,26,55,49,84,94,38,92,53,32,70,30,42,24,19,42,48,34,50,37,47,36,58,58,43,76,49,65,55,73,28,63,67,25,46,57,19,55,23,47,47,60,54,52,40,43,49,54,53,58,106,44,54,66,63,42,48,79,26,30,36,31,55,27,54,47,53,30,79],
		[17,24,80,142,101,68,112,65,21,28,91,64,29,15,0,54,100,101,48,97,112,57,96,83,45,10,66,83,101,129,170,47,45,64,89,77,109,96,124,69,47,37,123,16,53,50,41,126,111,32,57,40,70,83,76,97,58,116,72,86,84,73,117,70,59,31,93,87,131,68,58,73,72,44,113,61,123,68,68,62,85,68,69,84,45,42,73,24,32,70,69,56,60,75,90,99,72,39,47,38,81,95,59,104,14,20,54,49,47,62,82,5,89,116,80,52,46,50,38,57,71,81,46,23,50,94,63,73,47,76,93,95,69,63,24,39,45,49,47,41,48,68,50,80,36,39,113,81,63,46,68,53,61,55,47,44,69,62,77,63,36,38,44,54,88,17,59,59,60,53,38,48,41,71,94,39,60,102,59,24,70,25,68,55,56,76,39,55,40,37,51,80,52,59,100,61,45,65,85,47,92,90,70,99,32,51,50,58,73,66,66,74,77,75,54,49,22,55,33,59,20,90,35,35,48,49,83,67,101,55,26,41,35,68,59,97,88,53,78,68,47,85,15,55,39,4,33,61,41,36,37,62,51,73,73,50,91,34,59,55,70,43,58,82,40,61,72,34,53,38,62,62,75,39,58,39,58,64,69,53,66,121,59,40,54,73,27,59,90,41,45,51,16,57,12,59,45,38,45,94],
		[71,78,75,137,105,97,87,11,75,82,134,118,83,69,54,0,46,128,102,151,108,111,106,137,99,64,120,137,131,115,156,101,99,99,122,131,163,150,134,49,92,91,134,70,107,104,95,168,78,77,111,94,124,137,111,97,112,119,126,121,138,127,126,124,113,85,107,68,132,103,112,81,126,98,167,115,158,122,122,116,139,110,91,127,99,96,106,78,86,80,15,62,66,124,144,153,126,63,83,92,135,106,113,158,36,42,76,103,101,98,114,59,142,120,108,106,100,72,60,79,106,103,100,27,61,105,100,110,101,99,65,61,106,67,78,93,99,103,101,77,84,61,65,134,29,38,129,135,62,68,81,89,106,109,101,89,114,116,131,117,67,37,39,66,127,71,71,37,38,54,92,102,74,87,89,93,64,97,74,78,109,56,79,101,110,130,93,57,75,71,85,108,100,68,104,66,91,111,104,101,133,105,112,153,86,44,72,93,120,107,108,56,59,87,76,65,76,101,55,70,74,89,89,89,71,81,79,110,140,82,63,95,75,73,73,109,140,96,71,74,89,137,69,106,70,58,62,74,36,72,68,61,62,84,50,27,74,77,63,86,124,85,90,117,35,62,81,68,75,65,67,108,87,78,62,61,84,105,80,69,82,148,83,58,95,87,81,70,101,45,62,105,70,73,65,68,61,92,99,148],
		[117,124,121,147,121,120,133,57,121,128,165,116,129,115,100,46,0,82,135,184,154,131,152,183,91,110,166,183,110,138,179,147,145,20,45,82,106,129,114,95,69,116,88,116,140,95,136,129,124,123,157,140,146,159,130,143,64,122,163,144,184,173,60,88,39,65,124,114,90,134,104,119,118,108,154,50,112,168,86,109,132,101,97,26,23,49,93,113,109,126,61,74,78,170,43,93,126,93,113,72,128,48,65,110,82,88,122,101,67,52,89,105,96,74,124,152,123,118,106,110,129,109,92,73,107,151,99,133,73,83,100,104,152,113,101,116,97,99,102,89,96,86,111,64,75,84,175,56,108,114,48,101,118,97,147,106,87,122,87,88,113,83,85,112,124,117,99,83,84,100,138,48,55,52,116,60,63,134,120,28,74,102,53,62,68,97,107,103,69,117,81,107,65,103,103,59,79,82,102,124,138,110,116,55,63,90,118,106,72,71,19,10,13,74,85,78,74,73,27,56,71,49,100,98,86,76,125,144,49,36,30,73,86,53,69,83,132,53,102,62,81,85,74,99,76,48,62,60,82,109,81,50,69,48,27,50,97,107,109,90,105,94,127,91,81,58,58,99,97,102,60,45,83,55,74,33,56,75,66,97,110,169,107,104,80,83,78,57,77,75,48,85,67,26,71,61,15,95,78,150],
		[199,196,127,65,39,44,96,130,103,78,89,184,105,91,101,128,82,0,53,102,117,121,130,141,82,111,167,101,74,88,129,123,88,94,119,126,130,153,188,145,111,113,96,93,58,114,115,177,187,92,107,100,70,83,48,76,108,166,138,68,131,135,142,99,112,71,132,163,113,58,95,78,102,99,178,132,194,118,105,122,145,119,118,108,85,111,94,54,85,113,134,132,63,125,125,112,148,92,112,78,81,114,121,140,114,78,96,125,139,121,143,106,148,129,179,82,60,48,94,113,53,93,83,101,62,106,79,57,59,101,118,122,91,105,101,92,109,104,100,84,91,116,123,134,113,122,143,102,97,109,121,96,113,105,111,80,105,112,127,126,112,78,84,111,130,94,73,97,98,93,91,66,73,84,113,86,55,142,124,110,110,87,80,93,106,106,70,70,87,101,111,80,97,89,95,73,99,114,122,58,108,146,81,111,101,111,115,108,99,108,96,92,95,74,85,78,80,91,90,71,101,113,100,111,109,99,124,120,114,97,97,118,105,67,46,89,125,66,152,55,87,115,107,99,101,105,75,72,78,42,90,102,63,69,105,87,107,111,109,102,90,93,78,118,80,85,120,98,106,94,74,106,72,103,107,96,94,88,81,104,117,169,85,54,91,60,69,80,109,81,98,91,98,100,66,47,93,91,77,149],
		[65,72,128,118,92,97,149,100,69,76,139,112,77,63,48,102,135,53,0,49,64,76,128,131,93,58,114,131,127,141,182,95,93,112,137,96,128,27,63,117,86,85,149,64,5,88,89,174,159,80,105,88,118,71,101,89,106,164,120,121,132,121,145,118,107,79,141,135,91,111,98,113,120,47,52,61,123,116,108,110,133,116,117,100,93,90,121,72,79,100,104,104,108,123,109,104,120,86,95,86,129,114,107,87,61,67,63,68,87,102,130,53,137,107,128,100,62,74,85,104,106,129,94,43,9,53,111,44,63,105,122,126,106,83,72,80,93,52,55,61,68,116,98,128,84,87,154,92,111,93,97,73,90,77,95,92,117,85,125,38,65,46,52,79,111,65,84,107,72,72,79,93,54,37,123,87,48,140,102,72,115,34,27,49,80,124,76,17,31,80,93,128,50,78,88,77,93,67,107,95,122,128,90,147,58,85,97,106,51,60,64,73,76,64,75,25,49,82,59,18,68,115,83,83,89,96,131,108,142,44,74,89,83,59,55,98,117,98,126,108,90,133,63,65,48,52,81,22,60,84,72,70,10,32,81,69,79,61,79,49,67,83,100,127,48,32,95,82,90,67,78,110,40,71,75,65,78,108,28,81,84,158,79,88,102,69,67,32,62,61,78,99,64,81,60,75,71,85,79,142],
		[114,121,177,167,141,92,76,149,118,125,137,161,126,112,97,151,184,102,49,0,15,27,79,116,78,107,163,159,132,160,103,144,136,155,104,47,79,76,112,166,37,84,154,113,54,137,138,157,112,113,154,137,114,120,106,134,90,148,44,105,168,170,154,157,103,101,140,184,122,54,91,106,105,95,101,110,172,165,101,118,139,24,25,98,115,139,95,112,43,111,153,82,86,172,60,120,93,50,70,106,125,26,43,88,110,114,112,117,135,53,90,97,97,111,161,76,57,64,96,115,101,37,79,92,58,102,22,93,43,85,102,106,57,64,66,74,123,100,58,44,51,84,111,156,38,47,138,43,71,106,94,56,73,122,144,43,39,36,89,87,85,90,48,75,72,83,77,61,62,56,108,94,60,40,96,49,51,130,49,100,43,83,76,36,67,86,71,66,80,80,34,124,53,72,91,57,83,70,89,89,92,51,55,112,50,53,69,82,2,11,57,66,69,70,73,39,66,72,66,67,99,27,40,87,72,82,136,83,74,56,76,107,84,64,60,88,73,64,80,46,92,95,79,52,97,101,29,71,48,84,33,50,59,60,59,57,50,73,96,15,58,34,50,92,63,39,90,51,57,87,58,100,89,87,90,52,29,59,77,49,62,140,62,67,104,74,83,45,65,98,80,103,92,83,77,55,78,49,74,146],
		[129,136,192,182,156,107,91,164,133,105,152,176,132,118,112,108,154,117,64,15,0,12,94,131,93,122,178,160,147,175,118,150,148,119,119,32,64,87,123,157,22,69,162,128,69,152,144,172,127,123,134,131,99,112,82,110,75,133,59,120,181,162,169,172,91,100,155,176,137,69,88,103,82,110,112,121,183,145,98,115,138,39,25,58,114,140,110,127,58,126,123,67,71,152,45,105,108,65,85,107,110,41,58,103,125,41,75,124,150,68,105,112,112,96,146,91,72,71,59,78,116,37,94,107,73,117,37,108,58,98,115,116,72,79,51,66,64,74,73,59,66,79,86,171,23,32,92,28,56,106,100,71,88,59,138,50,54,21,74,75,70,92,33,60,72,83,65,46,47,63,123,92,75,40,111,56,51,143,49,60,43,93,91,51,82,86,86,66,84,65,49,109,53,72,91,60,86,70,38,74,92,66,40,127,35,38,69,90,17,26,67,76,79,81,73,31,73,57,51,82,114,42,55,102,87,77,102,94,74,56,61,104,69,67,60,73,88,30,65,61,92,95,64,67,107,50,21,75,41,77,48,65,74,75,74,50,59,82,111,30,43,49,65,77,48,54,101,62,47,72,61,103,77,75,75,57,44,52,87,63,76,152,69,52,89,74,83,45,65,107,73,88,85,93,70,70,63,64,89,161],
		[111,100,128,190,168,104,103,176,36,43,106,15,50,42,57,111,131,121,76,27,12,0,94,39,89,67,123,80,107,128,130,37,64,59,57,20,52,75,111,53,10,57,129,29,81,107,82,167,82,47,72,55,85,98,91,101,73,119,71,83,105,100,144,123,79,46,108,108,126,81,76,91,94,101,46,55,117,83,86,89,112,51,37,70,60,75,79,80,45,89,25,55,59,90,33,89,25,42,62,53,93,38,55,100,70,53,57,76,92,80,93,62,116,84,134,73,59,71,69,61,86,49,90,79,77,121,49,88,60,41,58,62,84,67,21,36,60,52,49,55,62,67,57,97,11,20,104,40,44,91,81,67,51,70,62,59,54,9,62,63,57,29,21,48,84,30,53,34,35,51,53,75,66,52,111,54,61,92,48,72,55,52,95,58,71,91,52,54,55,52,61,95,65,69,101,48,60,80,50,44,94,54,28,123,23,26,59,64,29,38,79,69,72,69,63,19,37,45,39,85,77,39,32,62,74,64,98,64,86,68,49,54,56,55,56,61,100,42,53,67,62,100,52,55,66,61,33,58,29,65,60,53,72,81,62,38,71,47,90,42,31,58,72,65,31,51,87,49,35,59,49,77,65,63,58,45,56,64,75,51,64,72,65,40,77,70,68,52,77,56,60,66,62,65,58,60,51,51,60,121],
		[193,194,31,65,92,97,63,95,102,109,127,109,110,81,96,106,152,130,128,79,94,94,0,71,79,106,162,149,127,88,129,113,111,94,70,107,139,155,188,135,104,57,139,112,133,146,133,144,137,98,123,91,61,74,101,129,115,81,122,95,147,139,141,152,79,62,63,113,60,106,92,78,106,96,140,149,114,134,102,119,142,86,78,103,76,102,63,43,75,98,98,122,116,141,120,116,119,82,102,69,72,105,122,126,70,76,96,115,136,118,132,101,100,76,126,118,89,101,94,109,106,90,78,79,113,137,69,110,90,129,106,110,82,119,115,32,111,101,90,91,98,131,29,118,105,107,132,122,57,102,88,103,120,99,113,103,118,103,112,113,58,104,87,110,104,113,111,121,122,61,63,66,38,93,17,57,71,53,38,49,95,91,131,83,114,94,103,107,87,66,80,71,88,117,111,104,55,75,110,111,145,130,122,149,87,75,34,55,81,90,102,104,107,122,38,80,71,76,30,100,116,84,77,97,25,35,44,4,38,51,51,94,70,111,80,123,86,71,82,93,74,74,111,100,85,69,80,104,60,55,102,75,94,107,105,69,97,120,115,94,83,109,69,79,106,52,90,97,109,60,67,57,72,103,94,24,47,77,110,64,52,130,109,59,96,84,93,60,89,72,74,82,89,42,55,100,42,81,94,160],
		[109,107,102,136,163,97,91,166,117,124,142,170,125,111,83,137,183,141,131,116,131,39,71,0,65,93,149,119,86,114,155,76,89,98,96,59,91,114,150,92,49,93,108,68,120,133,121,172,121,86,111,94,124,137,111,139,112,87,110,121,111,139,166,105,115,85,134,147,131,111,78,93,92,82,85,94,156,122,88,105,128,90,76,109,99,114,110,107,84,114,64,94,98,129,72,128,64,81,101,92,132,77,94,139,97,92,96,115,122,104,132,88,148,123,163,112,98,101,106,85,87,88,66,87,116,160,88,110,99,80,97,101,110,106,60,75,99,87,88,85,92,106,96,131,26,35,126,79,59,77,120,96,90,109,101,98,93,48,101,102,94,22,16,43,110,69,48,49,50,66,92,81,88,91,88,93,76,124,87,107,94,91,94,97,99,96,91,69,87,68,82,134,104,101,116,63,89,109,89,79,129,93,67,151,62,41,82,103,68,77,105,108,111,64,75,58,76,84,54,69,85,78,71,98,96,60,114,75,109,107,88,93,72,70,85,86,108,81,68,106,101,105,91,94,105,87,72,65,44,80,65,46,65,87,57,53,100,86,51,81,70,97,67,104,24,68,88,65,54,96,64,89,99,85,51,60,83,103,79,66,70,102,60,55,92,87,78,47,78,94,76,105,88,97,73,53,66,90,99,160],
		[129,136,58,17,83,78,26,102,129,112,50,109,99,113,45,99,91,82,93,78,93,89,79,65,0,35,91,17,44,40,81,92,86,44,69,76,46,69,105,114,92,82,66,41,98,95,86,107,58,59,102,85,93,97,92,120,81,102,90,82,61,118,104,60,39,76,90,132,82,55,13,28,27,17,94,86,141,113,23,40,63,49,48,66,47,73,45,65,57,61,101,67,71,120,83,129,114,58,78,56,82,66,83,109,39,45,46,94,54,39,76,50,83,78,125,97,71,65,63,82,87,60,1,48,82,100,39,91,68,102,119,83,45,88,49,64,90,22,25,31,38,32,59,78,61,70,154,81,47,71,48,43,60,100,92,49,74,96,56,57,81,83,71,79,67,42,84,84,85,62,41,16,23,54,65,47,65,80,68,67,66,62,100,53,84,31,64,78,37,56,63,98,67,59,69,50,41,61,40,72,92,84,77,72,38,76,55,76,59,68,73,54,57,71,59,46,55,41,51,80,65,65,60,64,59,51,76,77,77,70,62,66,60,57,74,101,43,21,101,63,47,40,40,35,48,49,30,84,54,77,71,72,83,77,55,63,67,59,79,70,95,88,75,100,83,70,81,79,78,44,51,24,24,55,74,57,63,43,90,54,54,121,49,81,99,77,72,32,63,59,64,69,41,50,49,80,54,63,69,139],
		[27,34,90,52,111,68,61,75,31,38,85,53,39,25,10,64,110,111,58,107,122,67,106,93,35,0,56,52,79,72,113,57,55,74,99,78,81,85,121,79,57,47,58,6,63,60,51,136,93,42,67,36,66,79,82,107,68,126,82,92,92,83,127,80,69,41,94,97,117,78,48,63,62,52,110,51,113,78,58,72,95,78,79,94,55,52,80,34,22,80,79,66,70,85,91,48,63,29,49,48,77,96,69,83,4,10,44,59,57,72,80,15,99,113,90,62,36,40,28,47,77,91,36,13,47,91,73,81,37,67,18,22,64,53,14,29,55,57,37,43,50,67,55,90,26,35,42,91,59,36,25,55,71,65,57,54,64,48,87,73,46,48,36,44,93,7,49,49,50,63,48,51,51,31,100,49,42,104,64,34,80,35,65,65,66,66,29,55,50,47,61,76,44,29,82,51,55,61,75,37,87,92,60,107,22,41,40,61,63,72,58,67,66,65,44,58,32,65,23,56,30,86,25,45,39,49,93,57,91,47,31,31,45,58,49,87,78,56,68,78,57,52,5,45,49,14,30,51,44,46,36,63,48,70,57,53,100,24,49,54,60,53,68,85,50,66,82,42,43,48,52,59,59,29,48,29,52,74,66,52,65,109,61,50,64,63,37,36,35,31,48,13,6,26,22,49,35,28,53,104],
		[83,90,146,108,167,124,117,131,87,94,141,109,95,81,66,120,166,167,114,163,178,123,162,149,91,56,0,79,106,128,169,113,111,130,155,131,99,122,158,135,113,103,114,62,119,116,107,192,149,98,57,92,122,135,138,163,124,182,138,148,123,139,183,122,101,97,150,153,173,134,79,94,118,43,49,58,91,134,75,52,75,134,135,131,111,107,127,90,78,97,135,122,126,141,144,101,119,70,90,104,133,149,125,139,60,66,60,97,3,18,55,71,62,89,139,118,92,96,84,103,33,98,92,69,103,134,117,128,93,123,74,78,27,84,70,85,111,48,51,57,64,94,111,146,82,91,98,147,113,92,81,69,86,112,113,110,120,104,109,85,102,77,83,100,63,63,105,105,62,78,104,25,32,87,156,26,50,142,103,76,66,91,103,120,122,63,85,104,46,95,61,107,57,85,90,102,111,74,114,93,118,46,53,77,64,75,96,58,95,79,69,78,81,74,85,55,43,50,79,112,86,100,81,79,74,72,126,113,97,72,78,87,99,106,59,86,85,20,80,79,83,72,61,47,105,46,29,55,93,76,79,101,104,66,54,77,120,58,105,56,64,102,115,82,79,86,72,97,98,104,61,93,70,82,101,64,87,42,94,95,80,158,75,34,71,73,82,54,85,87,64,69,62,82,75,105,91,84,51,123],
		[80,73,129,187,62,67,119,153,88,55,112,179,82,68,83,137,183,101,131,159,160,80,149,119,17,52,79,0,27,55,96,100,98,61,86,61,29,52,88,122,88,44,49,52,115,112,94,124,18,19,67,81,93,106,71,99,85,119,105,91,44,73,71,43,22,72,84,134,73,46,4,19,44,34,77,86,148,53,14,31,54,55,56,52,64,90,48,68,68,78,61,27,31,102,69,100,105,49,69,73,99,74,91,92,56,62,63,102,71,56,93,67,100,61,111,105,82,56,47,66,76,68,18,65,70,113,54,80,74,86,70,74,62,73,60,75,86,39,42,42,49,15,42,95,72,74,94,82,38,63,31,54,71,82,81,31,55,89,39,40,45,91,78,82,84,53,69,93,72,44,58,33,40,37,82,37,48,94,51,54,74,78,88,68,83,48,75,78,54,47,61,85,50,42,52,41,58,67,46,81,95,101,94,77,55,85,72,48,74,83,64,51,54,62,73,61,29,58,67,79,82,65,71,81,44,34,88,94,94,53,45,77,40,48,57,100,60,38,114,39,64,46,57,52,65,66,47,83,36,65,71,76,71,53,46,45,82,70,62,80,82,70,81,72,93,52,77,75,62,35,42,41,25,56,75,47,45,60,86,45,58,122,60,77,114,68,73,33,62,76,55,49,50,67,65,70,63,73,72,144],
		[107,91,139,127,35,40,92,120,80,74,85,106,80,86,101,131,110,74,127,132,147,107,127,86,44,79,106,27,0,28,69,98,44,63,88,69,56,79,115,140,106,71,22,74,132,110,111,151,45,46,94,96,66,79,44,72,104,71,78,50,71,100,98,70,49,67,58,108,100,54,31,46,51,61,104,113,122,20,41,58,81,82,83,79,66,92,75,50,81,69,88,54,58,121,82,108,116,76,96,74,77,87,104,119,83,38,72,25,98,83,103,94,127,88,138,78,56,44,20,39,49,89,45,71,84,128,75,53,55,59,76,22,87,100,82,88,104,58,61,48,55,42,69,122,94,101,121,98,65,90,58,52,69,101,106,58,22,67,66,67,72,74,80,107,74,75,69,93,94,29,63,60,67,64,109,64,39,68,78,81,44,94,102,89,102,55,70,92,81,74,80,76,71,15,79,68,85,88,73,54,104,81,74,104,74,89,92,75,59,68,80,73,76,70,81,77,56,61,51,55,97,88,93,106,71,39,64,86,75,80,23,66,67,63,42,85,87,62,136,51,74,64,84,71,84,93,58,59,45,38,64,82,85,65,73,54,96,92,35,82,74,89,74,71,76,37,89,82,35,62,69,68,44,75,94,57,72,84,65,72,85,95,66,50,80,56,46,52,83,49,66,76,77,69,62,43,63,87,73,145],
		[135,119,167,23,63,68,117,104,108,102,113,113,108,114,129,115,138,88,141,160,175,128,88,114,40,72,128,55,28,0,41,126,72,52,77,84,84,107,84,151,101,99,50,78,135,132,61,146,73,74,114,108,94,107,72,100,96,99,50,52,99,128,88,88,77,95,86,136,114,60,53,22,67,57,132,123,150,48,63,80,103,89,88,106,55,81,83,78,94,97,108,82,86,149,97,108,123,98,118,77,105,72,89,134,76,66,54,53,94,79,116,87,101,116,160,106,84,70,48,67,77,90,41,85,112,140,79,81,83,87,78,50,85,98,86,101,74,62,65,36,43,70,97,118,98,81,114,110,41,108,85,24,41,90,129,77,50,95,94,86,100,83,89,116,86,79,95,83,84,57,49,24,31,91,71,83,67,96,106,75,72,102,130,93,100,71,98,83,45,50,64,104,72,43,107,90,81,89,80,82,132,109,88,112,71,97,78,99,87,96,86,62,65,76,82,54,63,36,79,57,102,68,97,56,64,67,36,76,103,106,51,94,54,91,70,113,83,29,116,65,60,80,77,75,86,86,38,61,72,66,92,82,101,79,49,72,68,91,63,78,102,117,78,99,81,65,80,85,63,38,60,54,16,47,66,71,91,51,67,48,61,123,54,78,108,82,74,24,55,77,58,73,66,58,89,71,84,100,83,155],
		[176,160,208,64,104,109,158,145,149,143,154,154,149,155,170,156,179,129,182,103,118,130,129,155,81,113,169,96,69,41,0,91,87,93,118,125,125,148,125,183,140,140,91,119,157,173,102,187,114,115,155,149,135,148,113,141,137,50,9,93,140,169,129,129,118,66,127,177,155,19,61,63,108,98,173,164,191,89,71,88,104,127,128,94,80,106,124,119,135,112,149,114,118,190,111,149,155,106,126,73,129,113,130,175,117,107,95,94,135,120,146,76,142,157,201,147,125,29,87,106,118,131,82,126,153,170,120,122,124,126,119,91,126,139,127,142,115,103,106,77,84,111,138,143,139,122,155,124,82,146,121,65,82,131,170,88,91,119,135,127,141,100,106,133,125,120,54,78,79,83,90,65,72,127,112,94,93,137,147,92,71,121,162,119,105,112,105,98,86,91,105,145,113,84,133,98,102,109,121,123,173,150,129,134,112,92,97,118,105,114,127,103,106,35,46,95,75,77,51,98,128,109,121,97,105,108,77,117,102,95,90,133,95,83,102,92,124,70,157,106,82,121,118,116,76,112,79,71,93,107,71,98,117,120,90,102,109,132,86,38,92,126,119,140,80,91,98,67,80,79,69,85,57,88,107,57,74,92,108,87,100,164,66,119,123,41,50,65,96,76,93,86,93,99,122,112,63,141,116,188],
		[267,251,299,155,125,117,169,203,99,106,162,34,18,32,47,101,147,123,95,144,150,37,113,76,92,57,113,100,98,126,91,0,27,38,63,57,89,112,132,86,47,26,115,48,100,97,84,169,118,49,74,57,87,100,89,114,75,133,100,102,107,90,134,117,48,48,110,58,145,85,96,108,112,91,83,92,154,85,102,79,102,85,74,78,35,61,90,70,64,52,62,73,77,92,70,105,44,61,81,55,98,75,92,137,60,54,88,66,94,68,52,52,106,121,98,23,34,46,51,70,88,86,93,69,46,90,80,70,35,60,75,79,86,104,40,55,62,71,64,31,38,85,67,111,48,57,99,77,81,92,57,31,14,63,64,61,73,28,88,52,25,9,15,42,81,49,47,71,72,70,35,60,52,63,111,56,74,119,76,71,92,42,64,74,73,93,48,54,57,54,63,97,76,76,114,49,62,82,87,63,109,73,47,125,60,63,64,75,66,75,86,48,51,63,68,38,39,72,67,55,67,76,51,52,59,59,100,83,117,77,54,73,58,56,75,80,123,65,90,85,46,101,54,67,56,51,70,59,66,82,64,33,47,69,44,67,108,66,97,62,68,60,66,84,11,55,72,51,53,27,50,79,92,70,38,72,75,81,65,80,69,91,49,77,63,89,74,46,77,32,49,68,63,44,59,40,79,70,51,111],
		[28,35,91,153,49,54,60,136,36,43,99,61,44,30,45,99,145,88,93,136,148,64,111,89,86,55,111,98,44,72,87,27,0,19,44,73,100,120,113,80,62,52,66,61,98,95,82,141,89,47,72,55,80,93,58,86,63,115,78,78,104,84,85,109,74,46,102,85,123,68,75,90,95,89,73,82,144,64,85,73,96,83,82,100,22,48,79,64,73,25,89,19,23,90,86,103,71,66,86,8,64,91,104,138,54,42,76,64,92,95,59,50,100,109,125,50,28,40,24,43,63,94,87,23,57,101,26,67,29,63,73,66,71,63,67,82,60,70,10,4,11,31,58,105,75,84,97,96,83,69,77,16,33,70,62,59,66,55,86,78,51,36,42,69,54,62,65,86,77,68,53,47,46,44,105,54,55,112,67,69,86,36,75,40,67,91,42,51,55,52,36,90,57,59,88,43,60,44,84,68,107,100,74,119,23,90,82,73,46,55,59,29,32,81,86,59,37,65,55,55,65,92,78,50,32,42,96,110,117,60,27,70,56,50,56,99,117,52,117,31,17,74,60,20,50,49,61,59,64,52,63,49,58,45,46,69,54,73,59,55,88,58,88,97,38,59,45,49,39,53,44,77,85,74,65,61,73,74,65,72,81,118,22,64,36,70,50,49,47,5,22,21,28,25,57,41,67,79,45,105],
		[47,54,110,29,68,73,79,88,55,62,95,80,63,49,64,99,20,94,112,155,119,59,94,98,44,74,130,61,63,52,93,38,19,0,25,62,90,113,26,92,49,64,85,80,117,95,101,149,79,66,91,74,99,112,77,83,44,102,97,41,104,103,60,88,39,17,79,96,33,87,57,42,71,61,92,70,118,83,67,84,98,89,77,46,3,22,79,83,89,44,81,38,42,109,63,113,82,85,105,24,80,68,85,130,73,61,58,83,87,72,78,69,112,49,99,61,47,59,43,62,82,89,45,42,45,89,45,86,48,56,14,18,83,82,78,93,72,66,29,23,30,50,77,84,70,79,116,76,61,26,48,35,52,72,81,78,85,66,67,68,63,47,53,80,73,81,84,93,94,87,53,28,35,54,31,71,65,89,86,48,94,55,63,35,48,75,61,53,49,70,55,87,67,25,105,62,79,60,84,87,111,111,77,75,42,85,82,79,65,47,19,10,13,74,85,58,26,53,47,36,44,69,76,69,39,49,88,98,69,46,46,89,59,69,69,99,87,33,112,50,33,84,74,39,69,68,42,40,78,71,58,30,46,64,27,50,42,65,78,74,90,70,104,103,49,55,58,68,58,58,63,65,36,55,74,53,76,55,46,68,81,105,41,83,55,83,51,44,66,24,41,37,26,6,51,60,35,95,58,124],
		[72,79,101,54,93,98,104,111,80,87,120,92,88,74,89,122,45,119,137,104,119,57,70,96,69,99,155,86,88,77,118,63,44,25,0,37,52,75,51,110,67,89,110,86,138,97,126,174,92,91,116,99,124,137,102,108,69,127,122,66,129,128,85,113,64,42,104,91,58,104,82,67,96,86,100,95,143,108,92,109,123,31,32,29,28,47,104,108,78,69,82,63,67,134,46,106,82,85,105,49,105,51,68,113,98,86,83,108,112,97,103,94,137,74,124,86,72,84,68,87,107,44,70,67,70,114,70,111,50,81,39,43,108,71,56,71,97,91,54,48,55,75,99,109,68,77,141,59,86,51,73,60,77,97,106,57,82,66,42,43,59,29,35,62,79,87,67,91,92,70,78,53,60,47,56,63,58,113,56,31,50,80,88,60,73,46,86,78,74,95,80,112,60,50,98,64,82,77,105,79,99,111,85,100,67,83,76,87,53,62,44,35,38,83,80,76,51,78,44,61,69,52,67,94,64,74,113,74,81,62,33,76,84,56,67,105,112,58,105,75,58,55,99,64,79,51,36,65,62,96,32,5,24,46,52,71,66,89,103,50,88,85,57,99,31,64,83,50,52,57,65,90,61,80,58,50,71,80,71,48,61,129,64,97,80,81,76,49,72,49,66,62,51,31,76,60,40,82,83,149],
		[91,73,129,61,130,124,123,148,56,63,126,25,60,62,77,131,82,126,96,47,32,20,107,59,76,78,131,61,69,84,125,57,73,62,37,0,32,55,88,73,30,68,91,27,90,127,102,183,79,67,92,75,105,118,111,99,93,139,91,93,105,120,122,104,83,66,127,115,95,84,65,74,103,93,66,72,134,89,75,92,115,68,57,30,65,84,99,73,41,98,45,75,79,67,13,73,35,48,68,73,113,18,35,80,82,67,77,94,112,100,99,82,136,64,114,80,55,67,30,49,106,69,77,91,73,117,63,108,56,51,68,72,104,87,19,34,44,54,56,62,69,76,77,117,31,40,46,60,64,88,88,74,71,87,82,76,74,29,42,43,67,49,41,26,93,28,31,54,55,71,73,60,67,72,93,74,81,112,68,32,75,72,91,77,82,83,50,74,59,72,51,112,85,79,113,68,80,100,70,42,92,64,48,137,39,46,57,74,42,51,74,72,75,47,58,39,57,65,45,82,97,19,30,77,90,80,82,62,96,63,33,52,76,56,54,69,113,62,73,87,82,92,72,65,80,52,53,48,49,85,48,42,61,83,72,58,91,45,104,57,51,74,50,85,51,31,94,55,15,69,69,97,68,59,78,51,74,84,92,64,53,82,43,60,97,68,56,49,80,76,71,79,72,68,78,68,41,47,72,141],
		[109,102,158,93,91,96,148,180,88,84,141,57,92,94,109,163,106,130,128,79,64,52,139,91,46,81,99,29,56,84,125,89,100,90,52,32,0,23,59,91,62,73,78,59,122,141,123,153,47,48,96,107,122,135,100,128,114,127,62,106,73,102,100,72,51,94,113,143,48,52,33,48,73,63,48,57,116,76,43,60,83,83,84,62,80,99,77,94,73,96,77,56,60,99,45,100,67,77,97,86,128,50,67,112,85,91,59,81,94,85,122,96,59,32,82,112,87,62,62,81,79,96,47,94,41,85,83,109,88,83,91,78,91,102,51,66,76,68,71,71,78,44,71,124,63,72,78,92,67,92,60,83,100,55,110,60,78,61,10,11,38,78,73,58,113,60,63,86,68,73,87,62,69,66,91,66,77,81,80,64,63,66,59,81,112,77,82,49,27,76,83,114,79,71,81,70,87,76,75,74,124,96,80,106,63,78,89,55,74,78,93,80,83,68,79,36,45,78,77,50,76,51,62,109,73,63,114,94,94,71,65,84,69,24,45,88,89,67,77,68,93,75,86,81,80,84,76,54,65,94,80,57,42,64,75,74,75,57,91,60,63,99,82,79,80,63,106,87,47,40,71,70,54,85,104,76,74,84,60,74,85,114,32,78,105,59,68,17,48,89,84,78,77,75,94,99,62,79,101,173],
		[107,114,170,116,114,119,171,203,111,86,149,80,113,99,96,150,129,153,27,76,87,75,155,114,69,85,122,52,79,107,148,112,120,113,75,55,23,0,36,114,85,96,101,82,32,115,92,176,70,71,50,112,142,98,123,116,116,150,85,129,96,125,118,95,74,103,136,162,71,75,56,71,96,74,25,34,96,99,66,83,106,100,79,85,103,117,100,99,96,73,100,79,83,122,68,77,90,100,120,63,119,73,90,114,88,94,36,77,71,86,107,80,82,55,105,127,89,85,85,104,102,91,70,52,18,62,98,71,90,106,103,101,114,92,74,77,82,79,82,88,95,67,94,147,86,95,101,115,90,115,83,100,117,78,119,83,101,84,33,34,61,55,61,81,126,65,86,46,45,61,106,25,32,64,114,89,71,104,103,76,86,43,36,58,89,100,103,22,4,53,54,107,71,87,104,93,110,88,92,97,134,114,99,129,74,58,99,51,78,55,77,86,89,91,102,13,22,50,86,27,95,74,84,91,96,65,119,105,117,48,78,86,57,47,68,111,112,30,100,91,72,98,90,92,57,79,39,31,69,105,81,79,19,41,90,78,52,34,88,37,40,78,73,75,48,41,65,93,70,63,61,93,67,98,75,72,95,52,37,80,93,137,55,87,110,82,91,40,71,66,61,76,83,56,87,83,85,86,100,169],
		[134,141,197,123,150,155,173,146,103,110,173,116,123,109,124,134,114,188,63,112,123,111,188,150,105,121,158,88,115,84,125,132,113,26,51,88,59,36,0,85,75,90,111,106,68,121,127,175,105,92,86,100,83,96,103,109,70,128,121,67,130,126,82,110,65,34,96,119,47,101,83,68,97,87,56,42,104,109,93,95,72,82,83,72,29,36,69,89,115,70,107,64,68,135,86,85,103,99,85,27,83,81,98,105,99,87,67,81,102,98,82,95,118,63,113,87,73,85,69,88,108,38,71,68,54,98,44,107,74,70,28,32,97,84,104,105,46,56,55,49,56,76,103,90,96,105,91,82,87,40,74,61,78,86,107,51,76,92,69,70,89,73,79,106,93,64,98,82,81,64,79,54,61,41,45,57,52,106,103,74,101,79,72,49,74,94,87,58,40,89,81,93,54,39,72,88,105,63,103,112,67,132,103,101,62,94,100,87,30,21,45,36,34,95,104,49,43,76,73,62,58,82,50,95,53,63,84,121,95,56,72,88,73,83,61,104,101,59,136,68,36,93,95,65,93,94,68,66,56,92,72,56,55,77,53,63,16,39,104,73,71,44,91,111,75,69,84,57,75,84,89,91,62,81,100,79,65,81,72,88,101,119,67,105,81,75,65,46,66,30,47,40,40,20,65,86,61,109,72,144],
		[52,59,115,177,154,103,136,60,60,67,130,104,68,54,69,49,95,145,117,166,157,53,135,92,114,79,135,122,140,151,183,86,80,92,110,73,91,114,85,0,43,76,137,82,122,119,81,166,127,71,96,79,106,119,76,48,87,145,124,125,128,108,152,138,68,70,132,117,125,107,124,126,91,104,99,108,170,107,120,32,55,104,90,98,84,110,112,92,21,95,64,91,95,114,86,127,31,14,34,77,117,91,108,153,78,72,106,88,99,114,65,74,124,123,149,91,35,47,90,88,61,102,115,76,85,114,97,112,36,78,95,87,108,116,74,52,84,94,36,42,49,103,89,129,64,73,119,93,97,110,65,54,71,94,86,83,104,62,101,95,75,77,74,99,91,83,56,80,81,92,77,87,53,71,123,78,82,137,98,93,108,60,103,91,95,87,49,76,79,76,74,96,84,94,122,50,76,96,103,53,84,56,63,78,49,79,75,96,62,71,97,97,100,72,79,72,61,78,85,43,80,92,79,74,70,80,122,80,114,87,75,107,80,57,65,94,124,74,106,103,86,96,74,46,74,73,83,39,77,82,73,100,86,108,64,76,101,100,99,81,84,82,98,100,79,97,95,73,88,77,51,93,98,92,106,91,97,96,53,87,74,125,60,62,99,79,87,65,96,80,84,90,84,98,81,48,94,27,52,124],
